5,74.946346,-14.962993,616.162617,101.655468,12.000969,614.826192,47.697923,7.829610,616.061998,109.823834,45.915897,606.541063,34.135769,35.584291,589.497780,115.453166,70.001821,622.256493,38.458488,60.300468,582.562192,100.549747,76.093335,655.550509,69.883035,80.672837,696.573881,123.089805,75.585000,634.306994,45.932557,83.629739,651.374481,83.378650,109.979966,682.940121,64.730272,80.763000,533.142998
6,75.213370,-14.775901,617.748943,101.887527,12.131573,614.828059,47.870238,7.991534,616.483037,110.224508,46.187557,607.921170,34.403033,35.989069,591.813344,115.473929,70.167075,622.374199,38.808278,60.731734,584.915281,100.719681,76.603102,656.058384,69.971968,81.115778,696.952412,123.508401,75.584999,634.990824,46.235704,83.719577,652.456853,83.386309,109.980000,682.923181,64.504040,80.763027,533.142851
7,75.517231,-14.562993,617.685070,102.305462,12.247392,614.883533,48.058191,8.150583,617.001311,110.657942,46.530023,608.153799,34.701943,36.468402,593.946594,115.429618,70.207941,622.313299,39.239729,61.223412,585.913836,100.866906,76.644625,656.505671,70.080565,81.607135,697.709618,123.951069,75.585000,635.760867,46.591390,84.016120,654.870533,83.376443,109.979999,682.930274,64.256782,80.763009,533.143040
8,75.902657,-14.161617,618.336256,102.677308,12.367451,615.112444,48.275779,8.388142,617.962485,111.203261,46.935596,609.091080,35.011897,37.021790,594.955900,115.447068,70.291065,622.514132,39.302478,61.316656,586.272950,101.583464,77.275482,660.368743,70.486930,82.137584,699.996835,124.421344,75.585000,636.628947,46.791795,84.319934,656.752149,83.421695,109.958443,683.234703,63.988644,81.359527,533.126166
9,76.338302,-12.819212,618.289550,103.108360,12.724940,615.176280,48.542636,9.244317,618.470512,111.601914,47.576847,609.199043,35.289516,37.278101,595.231175,115.355714,70.909568,621.336248,39.344266,61.386476,586.418415,101.721396,77.321622,660.632103,70.966150,82.681286,700.513164,124.956763,75.585000,637.621766,46.997592,84.821404,657.181808,83.373236,109.973269,683.046871,63.698894,81.440955,533.050384
10,76.890490,-12.081629,618.487356,103.816860,13.194364,615.553971,48.889331,9.987023,619.216673,112.037548,47.829593,609.037725,35.504593,37.393290,595.350397,115.404667,71.921965,621.156688,39.364821,61.438033,586.192456,102.572961,78.021127,663.684708,71.271174,82.940462,700.989772,125.536017,75.585001,638.787996,47.188306,85.393760,657.446060,87.955839,109.979991,686.009255,63.381925,81.433378,533.092463
11,77.499663,-11.404965,619.489234,104.138106,13.567305,615.284362,49.210805,10.517304,619.138700,112.454674,48.508585,608.736324,35.653440,37.795895,595.453963,115.551671,73.276565,621.293856,39.355967,61.426746,585.852135,102.700427,78.181864,664.086172,71.643012,83.495913,701.386734,126.146246,75.585000,640.210700,47.757044,86.258344,660.115929,89.044420,109.979949,686.742418,63.033631,81.452714,533.445056
12,78.067386,-10.623677,619.625937,104.700106,14.050798,615.881506,49.582718,11.023759,619.572333,112.866600,49.192442,609.275423,35.797432,38.318350,597.042339,115.735358,74.289242,621.417951,39.270999,62.117244,587.906451,102.908109,78.918414,663.474525,71.965292,84.152344,701.675578,126.791566,75.585000,642.082758,48.414806,87.116903,660.369716,90.557344,109.979979,687.761241,62.646938,81.648454,533.811674
13,78.627805,-9.852298,620.797661,105.289795,14.668780,616.669891,49.975382,11.599395,620.479935,113.402436,50.137228,610.623512,35.924221,38.970132,598.039985,115.979809,75.204260,621.540086,39.118478,62.956370,588.490985,103.369054,79.973579,664.337330,72.222377,85.017731,702.296498,127.475467,75.585376,652.249399,49.144471,88.477832,661.123949,91.801748,109.978905,689.373703,62.219390,81.848458,534.791057
14,79.207782,-9.001183,620.873723,105.836028,15.243031,617.449454,50.411320,12.260669,621.662749,114.017376,51.142816,612.276144,35.991776,39.675837,600.057333,116.266905,76.133166,621.921254,39.715332,64.114423,589.184782,103.858616,80.942658,664.333334,72.437994,85.876633,702.864450,128.194698,75.586831,654.398255,49.673805,89.026982,662.618708,93.180939,109.893476,693.112607,61.742465,82.103876,535.137973
15,79.790325,-8.605229,621.023769,106.304876,15.629754,617.074455,50.556508,12.575134,621.576799,114.503979,51.570541,611.972619,36.044420,40.071302,600.309596,116.669846,76.751474,620.876044,39.300973,64.424951,589.957977,104.725925,81.910673,668.198978,72.621182,86.135233,704.153541,128.955239,75.585130,656.595076,49.937637,89.715158,662.975282,94.809345,109.896548,723.284276,61.269809,82.440472,535.599206
16,80.417715,-8.265247,621.489395,106.919074,15.832173,617.183873,51.054304,12.750038,621.758235,115.209347,51.898415,612.848902,36.115646,40.297379,600.693112,117.084976,77.509722,620.804960,38.212427,64.437655,591.316214,104.901421,82.352443,667.982737,72.971140,86.534157,705.977057,129.761065,75.585443,658.765940,50.107389,90.910885,665.826098,96.753996,109.498554,731.459098,60.761894,82.814606,536.174389
17,81.023169,-7.946367,621.925069,107.551498,16.004936,617.020950,51.570356,12.911318,622.726423,115.551429,52.093370,612.717064,36.145092,40.507898,602.883051,116.994649,77.788680,619.531157,37.077103,64.315937,593.628370,105.867154,83.313027,672.005322,73.457122,87.166989,709.222451,130.623095,76.638405,660.704569,50.258246,92.087096,669.292109,99.057048,99.584497,740.390121,60.285370,83.202052,536.446452
18,81.525387,-7.695799,622.252726,108.106818,16.158673,616.967357,52.047972,13.035200,623.139941,116.095520,52.261459,612.980102,36.154747,40.652216,604.969603,117.442778,78.395704,620.093218,36.243935,63.613549,596.226719,106.253255,83.626885,672.141843,73.923651,87.560898,711.095647,131.478398,76.839069,661.993960,50.012716,92.533596,669.415907,101.833438,96.740400,751.203953,61.527276,85.220472,537.496758
19,82.100277,-6.717121,622.899364,108.606983,16.552798,617.684572,52.400034,13.126036,623.114238,116.622994,53.257243,614.593628,36.165693,40.732384,605.327522,117.580355,78.729384,619.314339,35.409333,63.234681,597.474466,106.406930,83.944922,671.053666,74.443025,88.451409,713.579085,132.207204,76.825060,662.663737,51.338060,93.680971,670.832921,105.315244,93.512997,764.232543,61.339879,85.977072,537.863372
20,82.616844,-5.800930,623.324909,109.170909,16.784258,618.572195,52.762234,13.241495,624.295606,117.087391,53.528159,614.772569,36.352121,40.749407,607.632954,117.705674,78.974637,618.876045,34.444830,63.776620,600.221758,107.053095,84.732295,674.486776,74.916973,88.957441,715.836987,132.785028,78.631594,662.873940,52.667592,95.063455,672.396140,109.261829,89.961950,779.787301,61.302938,86.639591,538.488049
21,83.316099,-4.990736,624.165186,109.618722,16.888422,619.345516,53.066534,13.464028,624.182698,117.571828,54.259443,615.756299,36.438930,41.684648,608.338649,117.812071,79.858676,618.164801,34.041805,64.723109,601.852168,107.488079,85.503371,675.066728,75.248675,89.814731,717.151721,133.367306,79.714655,663.721734,54.111261,97.224205,673.256227,115.234647,85.841397,798.325595,61.454108,87.373288,539.224865
22,83.861642,-4.304582,624.507084,110.119162,17.059781,620.309389,53.342949,13.793283,625.342058,118.057229,54.880423,616.248876,36.500741,42.686067,610.136628,118.053471,80.700231,617.080455,33.693972,66.031183,604.236065,108.172088,86.535488,678.159123,75.538302,90.795307,719.251580,133.640949,80.305764,663.620962,54.860148,98.566799,675.041938,122.488825,83.503087,0.000000,61.876760,88.245088,540.058648
23,84.399039,-3.762971,624.533344,110.602981,17.302543,620.900799,53.590094,14.205769,625.175644,118.785112,55.862259,617.066766,36.519076,43.828213,610.848543,118.254031,81.437038,616.644714,33.161462,67.672244,605.136313,108.793956,87.613509,679.866778,75.758027,91.824419,720.401701,132.839667,81.092291,662.480651,55.589687,99.853010,676.803062,0.000000,0.000000,0.000000,63.001026,89.191632,540.992745
24,85.020937,-3.208645,624.865531,111.254314,17.570642,621.369327,53.816472,14.358592,625.174604,119.364729,56.481457,617.822625,36.581916,44.307971,611.451013,118.241801,82.568460,617.222557,32.861265,68.560900,607.457554,109.037241,88.049456,679.805907,76.118194,92.323269,722.904252,131.294943,82.068469,655.859855,56.260881,101.238165,678.405284,0.000000,0.000000,0.000000,64.229237,90.161494,542.040924
25,85.660939,-2.671775,625.260070,112.028333,17.879638,622.257704,54.383863,14.588880,626.157746,119.960076,56.901829,618.161368,36.773780,44.436156,613.357651,118.425639,83.077992,617.114473,32.307763,69.182461,609.399602,108.848380,88.324484,676.234202,76.346176,92.851641,724.083597,133.049222,83.935143,664.202875,56.852716,102.659308,679.712792,0.000000,0.000000,0.000000,64.245386,91.186977,543.012092
26,86.282697,-2.220043,625.711070,112.740505,18.253539,623.044904,54.653082,14.898357,626.743129,120.412667,57.372789,617.549161,36.764906,44.702341,613.434108,118.482067,83.628890,616.369674,31.415798,69.031075,609.426141,109.274693,88.753241,675.827861,76.516057,93.420834,724.237433,132.732612,84.591132,664.968541,57.602159,104.077991,680.832374,0.000000,0.000000,0.000000,64.548935,92.320056,544.041644
27,87.025609,-1.698842,626.353161,113.242809,18.633289,623.007568,55.111221,15.299983,627.946013,120.617306,57.729302,616.310932,36.728258,45.314032,615.970108,118.503401,84.179269,615.099728,30.365116,69.364409,612.859621,109.301264,89.068075,674.399231,76.863859,94.099290,725.530937,0.000000,0.000000,0.000000,52.310616,103.913013,680.129940,0.000000,0.000000,0.000000,64.679609,91.607191,540.531841
28,87.555736,-1.050273,625.534145,113.781664,19.109789,622.970389,55.382928,15.666920,627.653983,120.822503,58.046153,615.162727,36.560642,45.462767,616.082077,118.462092,84.533073,613.298732,29.377584,69.214504,612.630310,109.045438,89.179416,671.012635,77.045068,94.483094,724.509152,0.000000,0.000000,0.000000,51.517783,103.014762,678.479288,0.000000,0.000000,0.000000,62.893402,91.268170,535.381696
29,88.084769,-0.253125,624.857315,114.304557,19.622238,622.907012,55.647641,16.137033,627.359004,121.126496,58.505076,614.556597,36.694489,45.910329,617.362605,118.628770,84.961299,612.722775,28.847603,69.552654,612.917126,109.383814,89.870453,670.864209,77.478105,95.014420,724.622112,130.702777,91.956939,652.331542,52.556939,102.574068,677.048113,0.000000,0.000000,0.000000,62.646744,90.243549,532.545308
30,88.630736,0.583126,624.975635,114.837266,20.224450,622.820955,55.877566,16.733975,626.619037,121.315686,59.074404,614.080502,36.720500,46.431521,617.053289,118.789933,85.351789,612.851693,28.336697,70.125228,612.155013,109.317791,90.139850,667.612587,77.877788,95.555307,723.888639,130.238430,90.415236,652.858199,53.255047,101.771610,676.991898,0.000000,0.000000,0.000000,62.936846,91.691610,535.065031
31,89.178445,1.445870,625.375145,115.660329,21.056083,623.815196,56.322906,17.442006,627.575832,121.971324,60.017530,614.811528,36.847529,47.384056,618.555818,118.872987,86.608825,612.917615,27.815296,71.368595,615.525998,109.537557,91.062146,666.652642,78.122953,96.543455,724.361697,131.168699,95.015027,652.502374,53.415867,101.564407,679.059725,0.000000,0.000000,0.000000,62.877923,93.768038,539.079855
32,89.599414,2.244928,624.968816,116.335070,21.736085,624.034627,56.606004,17.999299,627.840622,122.517156,61.103966,614.158796,36.545454,48.357543,619.821729,118.588511,87.941617,611.949274,27.018275,72.300450,615.801897,109.443169,91.597972,664.164129,78.196527,97.146882,723.338684,129.881641,96.444731,649.043736,53.015156,102.250092,680.958171,0.000000,0.000000,0.000000,63.160719,95.142783,543.310814
33,89.996292,2.859333,624.003130,116.877484,22.238180,624.177365,56.885203,18.596163,627.927988,122.817928,61.893087,613.985019,36.202477,49.006707,620.292991,118.744706,88.815306,611.381978,26.155612,72.861363,615.965559,109.219738,91.766370,660.610790,78.218554,97.508628,721.361682,128.192448,98.049565,647.137325,52.575667,102.729080,681.562993,0.000000,0.000000,0.000000,63.283147,96.057377,545.090188
34,90.458698,3.344428,623.836156,117.684513,22.786655,624.947173,57.207487,19.285368,628.847054,123.413926,62.819667,613.791055,35.842510,49.547529,621.623157,118.560315,89.858162,609.725624,24.889600,73.210975,618.165415,109.385989,92.590858,658.544084,78.457000,98.420253,723.592960,129.479802,98.170831,647.399366,52.141364,103.778654,684.003361,0.000000,0.000000,0.000000,63.446588,97.542505,547.750282
35,90.868863,4.000555,623.247153,118.484205,23.399475,625.982082,57.530479,19.878829,629.915741,124.023444,63.519760,613.673683,35.435119,50.174810,624.431454,119.049355,91.147859,610.191388,23.645693,73.834527,622.110283,109.751661,93.438297,658.515136,78.756503,99.215400,725.183603,129.203167,100.497931,647.714451,51.375939,104.374835,684.297769,0.000000,0.000000,0.000000,63.147821,98.207818,548.941800
36,91.396744,4.405466,623.255035,119.133482,23.929349,625.888082,57.873403,20.299403,630.780126,124.663152,64.413826,613.327508,35.028893,50.614439,625.510541,119.187709,92.122236,609.248893,22.389803,73.841286,623.586136,110.080801,94.073750,658.469134,78.751963,99.994800,725.302641,128.997500,102.010772,646.911026,50.840569,105.263836,684.943647,0.000000,0.000000,0.000000,62.639157,99.128255,549.062138
37,91.870236,4.593409,622.488102,119.660043,24.320657,625.211204,58.189167,20.601554,630.585857,125.049214,65.017542,612.893715,34.538603,50.977064,626.873887,119.395898,92.903777,608.021448,20.894981,73.895184,626.229974,110.373401,94.765622,657.681972,78.720999,100.679404,724.125178,130.038818,101.812577,645.688335,50.277326,106.301860,684.252040,0.000000,0.000000,0.000000,62.463715,99.946695,549.644939
38,92.239331,4.739232,622.569616,120.567829,24.679500,626.451075,58.626514,20.782923,632.212420,125.758367,65.526005,612.905765,34.007527,51.185216,630.198312,119.780887,93.578541,607.819797,18.938228,73.234784,630.415857,111.030603,95.689515,660.034843,78.870510,101.462448,725.092164,132.124165,101.773912,649.378637,49.788906,107.608429,687.079680,0.000000,0.000000,0.000000,61.853475,101.258935,554.369727
39,92.469109,4.737311,623.068988,121.356548,24.926681,627.179896,59.011252,20.843475,633.552691,126.246633,65.859678,612.391132,33.530979,51.443541,631.842485,120.232162,93.925052,608.090564,17.823158,73.934070,632.723724,111.015383,96.076877,657.771183,78.828008,102.063814,725.143463,129.738549,103.902347,644.271922,48.875822,108.654375,687.692042,0.000000,0.000000,0.000000,61.427548,101.923734,553.166615
40,92.480756,4.479929,622.798379,121.901062,25.083120,627.580491,59.309049,20.766415,635.333421,126.593229,65.957942,612.414352,33.387775,51.611437,633.238807,120.234621,93.902622,607.016710,16.918494,74.292522,634.038136,111.488100,96.946739,658.218280,79.078518,102.597118,726.367781,130.574657,106.727855,649.475095,48.507593,109.751517,688.070643,0.000000,0.000000,0.000000,61.667793,102.660965,556.361394
41,92.343994,4.104875,623.145624,122.351223,25.128705,627.874777,59.460551,20.686928,635.194147,127.152474,66.016588,613.206150,33.276498,51.846735,632.865401,120.644499,93.854673,607.403064,16.052228,75.014951,634.168442,111.535414,97.379096,655.768489,79.275378,103.076884,727.034491,118.025949,131.050246,617.425609,47.971672,111.027256,689.790337,0.000000,0.000000,0.000000,61.493434,103.647899,556.971381
42,91.913374,3.528711,622.895435,122.689140,24.944643,627.337746,59.536410,20.648123,635.966789,127.604443,65.887852,612.586338,33.329656,51.912794,632.970295,120.699287,93.765320,607.148580,14.856983,73.715175,634.408509,111.820396,97.645935,655.801893,79.446978,102.912105,725.746270,116.162647,131.655088,616.769153,47.701473,112.592128,688.963202,0.000000,0.000000,0.000000,66.603825,104.361153,546.755763
43,91.078689,2.772983,622.877691,122.909150,24.722800,626.577150,59.547646,20.349747,634.950219,127.759421,65.566400,612.127517,33.544039,51.238360,632.522892,121.044100,93.416036,606.955903,14.102821,72.608192,634.029426,112.372847,97.481144,657.289967,79.575446,102.744092,725.675511,117.649256,131.166381,623.681729,46.981135,112.279538,688.337312,0.000000,0.000000,0.000000,67.049151,105.086025,550.217399
44,90.247205,2.205872,623.164066,123.005313,24.536856,626.390389,59.558067,20.119707,633.773880,128.100971,65.179725,612.161428,33.992500,50.642597,631.625071,121.434907,93.423666,608.279840,13.870734,71.937220,633.847259,112.934213,97.756543,659.479239,79.601578,102.631821,724.234016,119.330678,129.454957,627.614730,46.589530,110.179768,686.106205,0.000000,0.000000,0.000000,67.354826,105.658355,552.753351
45,89.085440,1.829918,623.225085,123.141765,24.526374,626.842890,59.598947,20.121396,635.815816,128.293256,64.856929,611.917023,34.310550,50.830773,632.736749,121.733140,93.104960,609.143246,14.605102,72.750007,633.695976,112.608800,97.533431,656.826210,79.565224,102.963406,723.996531,121.329395,128.132074,631.041352,48.762755,111.622264,685.206946,0.000000,0.000000,0.000000,67.347504,105.912753,554.615480
46,87.576934,1.373063,623.756726,123.433166,24.548775,627.571037,59.669295,20.069133,635.143630,128.871286,64.830442,612.819310,34.757683,51.119841,632.950985,122.278101,93.015217,610.969117,15.698150,73.717504,633.310009,113.115062,97.915043,658.784774,79.502034,103.074547,722.655257,123.841591,127.297773,634.372111,52.992857,112.782363,685.752383,0.000000,0.000000,0.000000,67.266904,106.099805,555.804778
47,86.691291,1.009517,623.381904,123.652854,24.563758,627.072009,59.753017,19.969747,633.662946,129.159777,64.911954,613.003289,35.394471,51.425822,632.612631,122.053577,92.958166,609.709180,18.004435,74.661793,632.817588,112.728091,97.826931,655.362247,79.717975,103.156405,723.050895,126.322909,125.772481,636.592691,54.836462,113.409894,685.997096,0.000000,0.000000,0.000000,67.122765,106.602123,556.238461
48,85.733024,0.390675,622.583373,123.831814,24.371168,627.030911,59.971319,19.814715,635.150578,129.569837,65.146264,613.790358,35.975744,51.654526,633.604861,122.100148,92.816430,609.157457,20.865232,75.674808,633.725569,113.213618,98.092250,657.349235,79.841814,103.192021,722.378646,127.663824,122.215896,635.716951,49.383106,111.860786,683.311115,107.010630,95.513241,538.244068,66.827960,106.682301,555.484714
49,84.819427,-0.322103,621.883226,123.968719,24.034314,626.582062,60.176377,19.380996,637.048939,129.968609,65.173580,613.657418,36.568604,51.443272,633.292198,122.415048,92.341680,608.447504,22.336339,75.272281,632.928501,113.410992,98.094096,656.961082,79.812577,103.109510,721.137527,129.924827,120.422823,637.566039,45.027251,110.390230,684.287310,113.060513,102.943735,602.595383,66.517877,106.255604,554.353780
50,83.992948,-1.112807,622.226131,124.169210,23.558345,626.056731,60.201926,18.894807,635.395235,129.978449,64.858184,612.561521,37.061622,50.783678,633.329846,122.511802,92.136758,608.383646,23.582616,74.764613,634.346343,113.376272,98.052230,655.283476,80.046238,103.234783,721.521869,131.845194,117.998434,638.079232,44.087838,109.031773,685.193433,106.582296,117.878144,652.003240,66.311994,105.916122,553.430287
51,83.355351,-1.717406,623.163868,124.434510,23.265688,625.695856,60.046454,18.590976,633.288066,130.273354,64.844476,612.204864,37.419048,50.313040,632.528129,122.634266,91.727020,609.143447,24.725643,74.344200,634.422304,113.150816,97.689855,653.780483,80.342644,103.332935,722.368570,133.841348,116.584369,638.581020,44.118578,108.764319,684.852642,118.145853,124.033440,679.615203,66.174121,105.440961,552.675296
52,82.662689,-1.949131,624.192076,125.037558,23.136534,626.578963,60.014843,18.514869,632.059157,130.763957,65.340371,613.358883,37.638434,50.451316,632.364664,122.888177,91.887331,611.569395,25.779484,74.310965,633.599770,112.921766,97.306360,651.347366,80.629896,103.819267,723.084548,135.272334,114.215628,638.545525,44.457005,109.234351,685.889320,139.938419,122.320041,700.751507,66.089371,105.046720,552.107207
53,81.823580,-2.198789,624.352997,125.052836,23.313498,625.974624,59.899851,18.680659,630.501238,130.809518,65.713307,611.994623,37.821200,50.893040,632.234292,122.757066,91.704329,610.668709,26.358507,75.369941,632.271579,113.229028,97.703797,652.243515,80.527970,104.078955,721.854197,136.545355,111.877170,637.951662,44.605262,109.567215,683.007921,131.780067,128.279745,728.974428,65.919041,104.782967,550.902220
54,81.063070,-2.435550,623.750408,125.045746,23.545000,625.466933,59.702519,18.824788,629.211418,131.014770,66.353679,612.767121,37.842376,51.241115,630.926316,122.857982,92.040342,610.987034,27.236875,76.321306,631.379229,112.996798,97.845948,650.712350,80.255548,104.452896,720.331768,137.680023,110.080143,637.341213,44.998996,109.703588,681.375485,124.410211,130.671666,734.178801,65.779570,104.426410,550.073880
55,80.371208,-2.699511,624.465537,125.044688,23.725616,624.974850,59.462974,18.971954,629.147399,131.065183,66.970722,612.743976,37.816885,51.577172,629.480376,122.693790,92.151973,610.464182,27.773788,77.013960,628.295566,112.908752,98.350728,650.754423,80.010973,104.502342,717.723596,138.670203,108.471053,636.807927,45.781555,110.262975,680.863461,121.837962,131.603226,731.612674,65.250271,105.188963,551.786785
56,79.647313,-3.216105,625.217663,125.021012,23.696350,624.267008,59.166983,19.134070,628.104935,131.085762,67.003880,611.367218,37.831540,51.938425,629.116502,122.585047,92.683939,612.164090,28.111554,77.425029,627.001185,113.336804,98.926233,653.588630,79.708608,104.554961,716.812836,139.576322,107.048048,636.451307,43.799923,108.866547,680.221419,122.920407,131.267460,730.675463,65.076452,104.792482,550.415475
57,78.940919,-3.840596,624.648121,124.867398,23.638966,623.663600,58.902497,19.286778,626.764111,131.124117,67.530599,611.703927,37.697166,52.333678,626.087481,122.675086,92.974054,612.812355,28.614034,77.958288,623.872906,113.386426,99.166793,653.315444,79.430306,104.843293,715.494211,140.491793,105.910849,636.945521,42.502156,107.743125,678.642354,125.416849,132.245250,739.290222,64.874882,104.459196,548.976154
58,78.227898,-4.612468,625.727862,125.000921,23.688621,623.607419,58.784535,19.388807,628.217971,131.226590,67.570528,611.913390,37.737128,52.512046,627.196049,122.565518,92.527121,612.160295,29.106383,77.798262,624.528848,113.406093,99.178441,653.127505,79.266973,104.881795,715.162122,141.310825,104.913094,637.680322,41.666447,106.636347,679.172361,124.978278,133.709206,742.554590,64.669191,104.219687,547.736260
59,77.531723,-5.440769,625.950916,125.093557,23.641257,623.226194,58.737057,19.345275,628.529368,131.426951,67.496447,612.031764,37.731449,52.196903,626.699872,122.678583,92.131196,613.587086,29.528803,77.410066,623.170557,113.178909,98.685324,651.251560,79.352624,104.821894,714.959875,141.995853,103.660192,637.485548,41.341030,106.582486,678.163160,125.518929,134.505204,742.884939,64.422394,103.946588,546.416460
60,76.947927,-5.989169,625.809488,125.263984,23.671600,623.485238,58.681021,19.205176,629.473052,131.332674,67.104850,611.954603,37.868847,52.075836,628.021386,122.667619,91.848248,613.951467,30.006633,77.114016,624.405907,112.859846,98.273725,649.445355,79.348305,104.957908,716.312469,142.616023,102.642536,637.557341,41.133083,106.564751,677.576521,123.573500,133.556169,735.171457,64.216471,103.782216,545.497973
61,76.668992,-6.015681,625.582454,125.081654,23.711747,623.029013,58.563180,19.259591,629.662420,131.295703,66.772572,611.848872,37.830799,51.929467,628.308929,122.736716,90.948400,613.064841,30.394679,76.809645,623.927102,112.905070,98.465869,649.010365,79.175432,104.841187,713.649938,143.314111,101.812735,637.933732,40.845388,106.537462,676.602644,121.893290,133.081637,728.760753,63.955956,103.588450,544.355964
62,77.339979,-6.094090,625.234294,124.826795,23.699712,621.810639,58.227332,19.432438,628.454482,131.220881,66.944656,611.764501,37.609594,51.923592,625.605253,122.841789,90.766715,612.955374,30.720492,76.453419,620.713146,113.245196,98.972483,651.166486,79.019651,104.855646,711.298889,143.916267,101.115546,638.084010,40.556204,106.483491,675.320348,122.379168,133.774819,729.642813,63.646540,103.322293,542.682186
63,77.914839,-6.164914,625.363749,124.809178,23.664579,622.376193,58.034107,19.585694,628.381144,131.283521,67.637593,611.830821,38.094376,51.971341,625.350176,122.792821,91.051573,613.080615,31.977790,77.102664,621.518937,113.175936,99.235422,651.593651,79.071159,105.211679,712.461259,144.325311,100.436184,637.367660,40.274974,106.482756,674.600756,121.306685,133.597890,724.305277,63.420386,103.247724,541.892293
64,77.526417,-6.896906,625.081447,124.666757,23.646701,622.899071,57.827798,19.561188,628.113784,131.391073,68.123949,612.952046,38.429159,51.779684,623.740563,122.719228,91.166773,614.017215,33.526414,77.283612,619.340326,113.608131,99.778521,654.301553,79.085793,105.431082,712.759573,145.052537,100.030517,638.463051,39.954146,106.835617,675.293762,120.460685,133.364245,720.054550,63.177538,103.402945,542.665310
65,77.309067,-7.997405,626.050213,124.460265,23.505042,622.962567,57.733735,19.530963,628.940112,131.488968,68.446501,614.319823,38.810958,51.880714,624.390991,122.891930,91.265123,616.070260,34.635812,77.874566,620.206580,113.847939,99.910013,655.839804,79.197142,105.721432,714.033235,144.917188,100.307283,638.035197,39.485175,107.203393,675.896026,120.052263,133.145759,717.789569,63.321701,103.695711,543.320969
66,76.954635,-8.956387,626.063110,124.205759,23.342314,622.999285,57.615852,19.353937,629.241982,131.381830,68.688918,614.834452,38.621476,51.850010,623.284029,123.040284,91.367621,617.144681,35.189655,78.017879,619.923292,113.750451,99.956894,655.792586,79.087973,105.827844,714.334866,146.553295,99.194728,638.895270,39.151529,107.494682,676.346862,119.907287,133.078859,716.259697,63.416903,103.836173,543.707903
67,76.274567,-9.587138,625.907929,124.107104,23.060886,623.262341,57.565922,19.078414,629.749798,131.360690,68.783601,615.418374,38.691856,51.806209,623.716026,123.141206,91.438373,617.681389,35.894097,78.033694,620.564004,113.992268,100.139121,657.041560,78.900630,105.814071,713.741985,148.135153,98.622110,639.907829,38.863209,107.675452,675.544759,120.044712,133.146942,715.429682,63.311850,103.639854,542.797325
68,75.542584,-10.264634,625.747934,123.814855,22.707275,622.741468,57.229069,18.878705,628.748967,131.334930,68.240229,615.040218,38.543883,51.149881,622.699802,123.254955,90.795275,617.868249,36.552413,77.528067,618.112746,113.977472,99.773542,657.096798,78.630409,105.437714,711.155889,149.714347,97.716810,639.286897,38.636669,107.444282,674.236278,120.292548,133.392467,715.658150,63.236970,103.226906,541.420254
69,74.991367,-10.877573,625.984947,123.302709,22.389169,621.864042,57.040834,18.719337,629.008210,131.133826,67.816452,614.952598,38.896174,50.731360,622.095780,123.309100,90.145156,617.313036,38.339889,77.064290,618.893837,114.347497,99.975144,660.117762,78.709185,105.560191,711.702477,150.446609,97.360635,642.194729,38.405001,107.178905,672.918791,120.355040,133.538765,715.232335,63.161803,102.847159,540.337802
70,74.441368,-11.189988,626.483719,123.093240,22.055675,622.437023,56.927452,18.615944,629.677470,131.080004,67.400597,616.356018,39.725846,50.564184,622.314996,123.498172,89.617968,619.959593,41.930183,76.691742,619.109981,114.589687,100.042383,662.634118,78.763798,105.841913,712.645596,150.462443,96.891301,642.356696,38.286991,106.949285,672.193934,120.559393,133.720975,715.330726,62.973581,102.527896,539.077428
71,74.037504,-11.283353,626.348762,122.668286,21.686252,621.810204,56.697497,18.514945,628.277626,130.825468,66.974306,616.785539,40.336061,50.506938,620.358051,123.151178,89.066379,620.303003,44.613072,76.421696,615.936217,114.325111,99.651304,661.772462,78.897500,105.811163,712.566047,150.157348,96.409187,642.155220,38.180591,106.699489,670.964038,120.871984,134.007297,715.817285,62.531972,102.277288,537.169383
72,73.885141,-11.104939,626.251281,122.176017,21.419313,620.433372,56.557715,18.487407,625.856612,130.558361,66.588094,616.698126,40.965984,50.429369,617.998855,123.093814,88.620740,620.290268,45.801584,76.151994,612.043180,114.100621,99.312722,660.242362,78.821091,105.680628,711.069095,150.112286,96.089082,640.407222,38.183626,106.364359,669.930628,120.778064,134.098290,714.938917,62.167892,102.115161,535.613702
73,73.951711,-10.784397,626.723024,121.841230,21.193848,620.094982,56.514356,18.481714,625.290778,130.266990,66.249429,616.496036,41.403473,50.387230,615.960367,123.159558,88.150119,621.000322,46.242918,76.669242,608.994289,114.436365,99.603061,662.664683,78.810105,105.652229,710.100915,149.972152,96.040841,640.169680,38.194052,106.222229,669.561565,120.974715,134.278880,715.295526,61.914159,101.896495,534.909778
74,74.133772,-10.417940,627.385168,121.516486,21.007064,620.792002,56.356281,18.493745,624.990776,130.160573,65.883182,616.806991,41.592870,50.671429,614.187883,123.195811,87.691716,621.507401,46.662259,77.176748,604.932703,114.057854,99.321407,661.419969,78.860774,105.788327,710.527869,149.827544,95.996315,640.395064,38.186675,106.106099,668.330314,121.102066,134.353397,714.865740,61.541126,101.600819,532.643060
75,74.381078,-10.021828,627.985497,121.121752,20.853970,620.488841,55.977443,18.562436,622.535658,129.828751,65.569218,616.664601,41.718865,50.916891,612.167405,123.303783,87.403287,622.847666,47.090935,77.497348,602.130380,113.695793,99.105636,660.340219,78.583528,105.618907,708.234522,149.303421,95.588890,638.081921,38.102771,106.122611,667.714772,121.157868,134.363783,714.486027,61.214315,101.461713,531.048530
76,74.547934,-9.637941,627.694190,120.753792,20.720030,619.901866,55.602911,18.707609,620.441393,129.754117,65.454285,617.715813,41.809822,51.185031,610.683777,123.332682,87.027810,623.925276,47.341213,77.711196,599.677066,114.010113,99.546237,662.944180,78.357553,105.476407,705.543383,149.430045,95.518774,640.072216,38.014505,106.063799,666.752968,121.563673,134.725461,715.344987,60.889179,101.290366,529.560317
77,74.742475,-9.264091,627.698694,120.745337,20.716385,621.009938,55.233244,18.877303,619.534731,129.721069,65.627160,618.784378,41.811344,51.223477,609.385351,123.558608,86.989703,625.472772,47.380178,77.853607,597.228596,114.135567,99.647318,664.143963,78.322236,105.575709,705.436261,149.583000,95.672461,640.896005,38.014980,106.128345,666.738156,121.315617,135.137546,716.189222,60.613261,101.118438,528.488062
78,74.923631,-8.950324,627.645251,120.464163,20.655682,620.809371,55.189295,18.902861,620.119153,129.549521,65.754335,619.185193,41.814673,51.059655,609.199237,123.644014,86.632990,625.664761,47.451521,77.897694,598.425542,114.199022,99.525677,664.563992,78.234955,105.347658,704.882578,149.852578,95.573791,641.168588,37.930680,106.045444,666.089118,120.951513,135.080388,714.980931,60.463900,100.903075,527.655743
79,75.198898,-8.661023,627.805294,120.128881,20.627752,619.692615,55.000592,18.895514,618.459065,129.280484,65.981998,618.255853,41.462013,50.875006,608.366648,123.443797,86.309584,623.689284,47.193341,77.551689,596.799842,114.345776,99.476969,665.882832,78.471701,105.474883,707.349609,149.857298,95.292846,640.849362,37.966975,106.093981,666.217979,120.624423,135.490848,716.347170,60.399142,100.865088,527.294637
80,75.675791,-8.365850,627.993226,120.050544,20.717440,619.446405,54.990441,19.031092,618.824629,129.201619,66.118787,618.861333,41.491252,51.028375,607.869336,123.387075,86.268767,623.157075,47.246563,77.509372,597.201738,114.575649,99.779407,668.068640,78.595561,105.752898,708.289871,150.082898,95.245206,641.637601,38.037090,106.158563,666.509564,120.300143,135.479144,714.849509,60.508493,100.999001,528.090051
81,76.079121,-7.995969,626.831334,119.850195,20.749599,618.940327,54.928724,19.215422,619.259924,129.037702,66.302296,618.694407,41.497389,51.162163,607.457286,123.104999,86.127650,621.947042,47.287789,77.398213,597.370653,114.435477,99.887186,668.060446,78.723113,105.929015,709.752489,149.777249,95.084955,640.506653,38.072847,106.218449,666.208864,120.203601,135.261088,714.015380,60.683929,101.158803,529.070768
82,76.659740,-7.746412,626.351330,119.599937,20.778043,618.200912,54.651499,19.309500,617.949396,128.944994,66.235004,618.859745,41.315871,51.157190,606.314022,123.075260,86.090366,621.627645,46.969041,77.107330,595.366419,114.512802,99.893263,668.194762,78.589661,105.579123,708.367387,149.686690,94.963474,640.028517,38.133006,106.264381,666.256467,120.018216,134.730912,712.962592,60.663512,101.088190,528.416079
83,77.245500,-7.529931,625.331865,119.394268,20.738320,617.312886,54.300682,19.373785,617.239680,128.711936,66.069546,618.416768,40.977795,51.354659,606.826316,122.924263,86.029597,620.559321,46.463224,77.104787,594.836625,114.628016,99.753450,668.349278,78.732604,105.731591,709.905257,149.917371,95.191415,641.530400,38.096134,106.333196,666.780184,120.402675,134.446203,712.174725,60.634989,101.176924,529.425466
84,78.200226,-7.398489,625.718151,119.185760,20.699096,617.501863,54.066751,19.418204,617.335007,128.637775,65.843090,619.461053,40.660283,51.486774,606.706068,123.174134,86.107010,622.322126,46.214092,76.997721,595.229771,114.778163,99.686881,668.851325,78.684984,105.900450,710.196441,149.688126,95.306025,641.892095,38.013123,106.418038,667.935835,120.946251,134.388001,711.149600,60.823748,101.374061,530.434894
85,80.325695,-7.334787,626.079109,119.083643,20.632594,618.514893,53.903228,19.461796,616.693718,128.476283,65.599395,619.969294,40.472211,51.686291,606.455546,123.228285,86.189614,624.168394,46.076908,76.830262,594.173020,114.887595,99.522120,668.766567,78.566190,105.802707,710.769464,149.648782,95.300735,641.059333,37.842524,106.382557,667.841118,120.595376,133.894627,709.218617,60.624027,101.367624,530.148235
86,81.066042,-7.173675,626.398232,118.738387,20.463343,619.054418,53.819413,19.447919,615.889088,128.392851,65.325566,620.179437,40.324256,51.694783,605.542507,123.043701,86.241668,625.441297,45.971563,76.622878,592.839638,115.122255,99.616655,670.073100,78.735653,105.826878,712.439463,149.992120,95.559048,642.852547,37.747092,106.389073,667.039620,120.535773,133.829476,708.712298,60.510359,101.416590,529.671901
87,81.571982,-7.003273,626.106183,118.492262,20.308749,619.267764,53.754447,19.404963,615.977188,128.284522,65.084404,620.663577,40.239864,51.637521,604.690684,122.753602,86.050819,624.708567,45.966323,76.170248,591.399516,115.088460,99.478402,670.377278,78.692899,105.640656,711.437709,149.722359,95.578634,642.873273,37.652509,106.283613,665.724039,120.259454,133.591459,707.277720,60.334765,101.347695,528.504244
88,82.016951,-6.840207,625.432901,118.485671,20.104926,618.409708,53.741513,19.331375,616.740440,128.151438,64.719802,619.809611,40.198008,51.496698,604.078584,122.681396,85.651272,622.933126,45.996359,75.901222,589.847670,115.484084,99.243527,670.661641,78.815559,105.538203,711.573949,150.160772,95.622751,644.243707,37.580685,106.255708,665.495622,121.249014,133.803520,709.558415,60.294385,101.318706,528.372932
89,82.405152,-6.728609,624.668884,118.501014,19.867271,617.358452,53.786755,19.214889,616.927596,128.129518,64.376167,618.898932,40.195333,51.354003,604.094537,122.820424,85.269070,621.825421,46.042097,75.706916,590.145636,115.635016,98.981724,670.788898,78.806969,105.090692,709.663327,150.526711,95.649931,645.790890,37.600692,106.197266,664.928475,121.838768,133.236928,707.545071,60.362170,101.161721,527.357759
90,82.778869,-6.644972,624.296516,118.622793,19.577672,618.251374,53.902066,19.072656,617.070162,128.419613,64.110295,620.162718,40.246552,51.131509,603.515150,123.037541,85.159784,623.375179,46.129629,75.391669,589.755005,115.834017,98.714076,671.375856,78.971740,104.981870,710.836572,150.850042,95.767062,647.623285,37.679517,106.095597,665.968344,122.358063,133.655432,710.694241,60.578578,101.242940,528.789002
91,83.158218,-6.639032,624.503646,118.975573,19.186594,619.104208,54.093925,18.904500,617.650490,128.678275,63.485133,621.045177,40.340308,50.867888,603.934943,123.385640,84.888915,625.401084,46.263782,74.925884,589.403587,116.205480,98.256181,672.027494,79.172280,104.480427,711.626742,151.538827,95.553186,649.312602,37.843413,105.744172,665.928763,122.350301,133.342531,710.073401,60.758276,101.056925,529.088957
92,83.555580,-6.707664,624.178880,119.354497,18.793001,619.845262,54.270741,18.661845,617.673107,128.819040,62.855889,620.518528,40.491699,50.520821,604.536202,123.633853,84.628405,625.611132,46.487697,74.567148,590.478178,116.247649,97.873749,671.976572,79.666568,104.141919,713.303968,151.314320,95.141622,647.901209,38.177399,105.497527,666.527421,122.455658,132.982963,710.239361,61.142306,100.957172,529.389956
93,83.956359,-6.828315,623.583663,119.727125,18.398754,619.956101,54.633119,18.362611,618.052713,129.166103,62.245714,620.180242,40.752491,50.033452,604.361399,123.642472,84.120589,624.112522,46.831833,74.117073,589.956057,116.526355,97.321081,671.160101,79.972209,103.649744,711.983774,151.867299,94.855702,649.078316,38.507857,105.040366,665.760840,122.997148,132.714178,711.836950,61.400420,100.608188,528.546339
94,84.282221,-6.894578,623.815875,119.983768,18.033376,619.715669,54.991583,18.024269,617.703758,129.226062,61.554625,619.035910,41.002933,49.509282,604.982959,123.802604,83.679349,622.845663,47.185495,73.574942,590.764779,116.941664,96.645772,670.973686,80.396823,103.146720,713.365952,152.228616,94.224714,649.414801,39.050281,104.642244,666.499973,124.132241,132.496372,714.663218,61.822118,100.302407,529.254935
95,84.451919,-6.824324,623.193397,120.135707,17.610309,618.893315,55.154719,17.643325,616.330433,129.473852,60.811795,619.510210,41.213865,48.884790,603.930165,124.052647,83.273725,623.175191,47.212649,72.983434,588.394926,117.250281,96.184278,671.019978,80.911886,102.593877,714.542963,152.450384,93.801327,648.974575,39.308814,104.079375,665.831869,124.944594,132.180145,717.175544,62.162437,99.784489,529.167764
96,84.586427,-7.008279,622.628896,120.254539,17.101874,618.303470,55.285346,17.172596,615.826918,129.789477,60.089296,619.587863,41.440719,48.273226,604.395074,124.082042,82.644597,621.723107,47.604824,72.483820,589.467659,117.850125,95.740529,673.258466,81.413954,101.879391,714.698254,152.933312,93.520102,650.032878,39.654979,103.418345,666.727531,126.038247,131.834028,720.075957,62.554738,99.075301,530.456520
97,84.754040,-7.203176,622.499339,120.520708,16.356237,617.890991,55.523441,16.262579,615.844749,130.143277,59.275562,619.745708,41.693542,47.539258,604.040796,124.405306,81.986851,622.305652,47.938051,71.831390,590.486282,118.589841,95.255192,675.647353,81.842131,101.116725,714.380113,153.576546,93.102798,651.616678,39.992344,102.396936,666.237917,126.346563,131.473186,720.944465,62.897215,98.306524,529.980652
98,85.081600,-7.529968,622.443078,120.785882,15.681589,617.633037,55.780072,15.644947,615.859623,130.440498,58.344590,619.346226,41.871072,46.901889,603.061978,124.646335,81.083396,622.146835,48.282143,71.164872,588.251047,119.260156,94.666250,676.657153,82.368537,100.465814,714.819816,153.676116,92.598326,650.898929,40.370858,101.642223,667.140407,126.670834,130.979208,720.651352,63.299177,97.824289,530.631778
99,85.423978,-7.731189,622.643066,121.291590,15.022250,618.484185,56.079170,15.075426,616.240131,130.910939,57.967755,620.101649,42.207774,46.405138,603.036057,125.038242,80.282319,621.774946,48.673157,70.481090,586.278193,119.896292,94.305176,678.239382,83.084388,99.853969,715.669660,154.254219,92.255089,652.333982,40.756373,100.999873,667.418544,127.277563,130.839056,722.045133,63.742258,97.265472,531.186767
100,85.783879,-7.860112,622.170619,121.562780,14.664290,617.713584,56.295126,14.726071,616.691910,131.455157,57.526837,620.561311,42.498511,46.233367,603.542410,125.665867,80.097738,623.303156,49.042999,70.018841,585.356466,120.791968,93.983266,680.900458,83.545914,99.506858,715.737159,155.685773,92.079470,656.287306,41.181314,100.581435,667.936529,127.118288,130.516055,721.319588,64.100087,96.870558,530.960703
101,86.164312,-7.984723,622.021464,121.846187,14.330064,616.914497,56.506103,14.405248,616.436881,131.929754,57.272653,620.122607,42.801270,45.924529,602.367683,126.205695,79.928475,624.841808,49.427274,69.570881,584.727871,121.444876,93.445698,681.411057,84.047008,99.030866,715.876747,156.471852,91.627647,656.189374,41.667022,100.200153,668.182535,126.717274,130.342056,720.863663,64.502778,96.490842,530.724455
102,86.645858,-8.106834,621.940952,122.158366,14.030753,616.600802,56.765184,14.154424,615.996435,132.188394,57.057085,619.139765,42.930735,45.683941,600.960300,126.429071,79.671781,623.528051,49.696038,69.118503,583.116687,122.220919,93.215689,684.036756,84.563803,98.629636,716.247426,157.665804,91.512815,659.577686,42.186681,99.698840,668.358019,126.107446,129.936301,719.140625,64.946608,96.019507,531.131538
103,87.127129,-8.284869,622.306788,122.547046,13.744698,617.105686,57.101651,13.875707,615.808373,132.770300,56.911419,620.302451,43.084140,45.454757,600.360589,126.931261,79.527214,624.138312,50.065418,68.755606,583.561358,122.739918,92.938261,684.656091,84.856986,98.122114,715.123002,158.109280,91.205023,659.685079,42.467203,99.222557,667.658222,125.330900,129.415713,717.176958,65.256152,95.475690,530.708597
104,87.431245,-8.441435,621.971378,122.971348,13.456124,617.055990,57.474578,13.619141,616.098950,133.315610,56.672070,621.322932,43.438963,45.313493,600.274522,127.611895,79.403614,625.673297,50.446525,68.390077,583.947867,122.963503,92.706404,683.798992,85.116535,97.850124,715.335569,158.471389,90.949737,659.583540,42.913300,98.982733,668.805479,123.741528,128.897888,715.960418,65.685490,95.277106,531.936878
105,87.733582,-8.559414,621.608683,123.331465,13.204302,617.375563,57.838092,13.554682,616.788282,133.680262,56.445968,621.420187,43.836143,45.185849,600.706931,128.401112,79.299708,627.326564,50.813075,68.056328,584.721330,123.156041,92.478926,682.876953,85.443469,97.604243,716.255910,159.019334,90.787702,660.224894,43.212727,98.841122,668.850476,121.536699,128.747224,716.402137,66.010086,94.960844,531.862369
106,88.153339,-8.573524,621.343104,123.718156,12.968835,617.356818,58.147635,13.381377,616.227530,133.995652,56.233038,621.023323,44.246157,45.036080,600.773766,128.973158,79.244074,628.195344,51.031765,67.753396,583.562220,123.435947,92.101526,682.380560,85.688887,97.272187,715.025334,159.256123,90.566169,659.732779,43.571869,98.567624,668.531475,122.134510,128.336352,716.777409,66.304105,94.785740,531.547652
107,88.600533,-8.628383,621.007060,124.029100,12.666466,616.758848,58.475417,13.105335,615.866669,134.210642,55.959788,619.964281,44.502961,44.720198,599.533374,129.074809,79.000452,626.740005,51.297688,67.422547,582.578485,123.740190,91.912977,682.107712,86.038043,96.947405,715.046335,159.734751,90.545981,660.921822,43.991043,98.294161,668.784919,123.786852,128.046559,716.949562,66.579961,94.629815,532.051198
108,88.953677,-8.685995,620.963526,124.450713,12.421373,617.029787,58.781763,12.850382,615.912531,134.567473,55.726132,619.697846,44.747648,44.372406,598.243442,129.385299,78.835853,626.858847,51.511853,67.089585,581.803201,123.910002,91.734169,681.440754,86.294522,96.605467,713.612356,160.066996,90.447599,661.521189,44.298430,98.035014,668.380742,123.673005,127.297176,714.813555,66.779195,94.555954,531.337958
109,89.331940,-8.841338,621.320809,124.935091,12.202500,617.939276,59.056773,12.524231,616.520484,134.929640,55.576287,620.607017,45.106681,44.092418,598.993479,129.435158,78.631154,626.559612,51.971979,66.863945,583.572931,124.072278,91.174120,681.549894,86.595770,96.364645,714.108945,160.457515,90.038649,662.034854,44.570612,97.769840,667.614804,124.526786,127.389434,715.299805,66.863262,94.387025,530.606681
110,89.627566,-9.043299,620.925911,125.271783,12.070638,617.658334,59.361447,12.263137,616.243103,135.203607,55.543767,620.390473,45.455515,43.936308,598.858065,129.525124,78.611270,626.664180,52.231424,66.630430,583.370304,124.266748,90.927631,681.598305,86.838227,96.055481,714.261247,160.790450,89.994628,662.569655,44.837861,97.431707,666.722654,125.276871,127.182378,715.856237,66.859781,94.312618,530.771985
111,89.944877,-9.224324,621.088467,125.469308,11.941657,617.828801,59.672391,11.998229,616.391411,135.409561,55.528025,620.980670,45.690466,43.663154,598.626466,129.730808,78.621269,628.323716,52.438947,66.273775,584.129157,124.616485,90.904734,683.473843,86.980398,95.713905,714.444790,161.169500,90.091958,663.634591,45.432278,97.188229,667.828298,124.737101,126.522141,715.582085,66.918369,94.338019,532.156936
112,90.255322,-9.349937,620.603518,125.678095,11.914542,617.104157,59.983045,11.778269,616.232119,135.518536,55.473733,621.177223,45.932888,43.393861,598.282878,129.795183,78.567034,629.394703,52.660511,65.926905,584.552456,124.857172,90.759455,684.242361,87.352752,95.615344,715.370359,161.417985,90.323534,664.820481,45.974441,96.822225,667.768521,125.497337,126.562953,717.203787,67.031183,94.263530,532.746777
113,90.635879,-9.464122,620.640014,125.970978,11.871637,616.591828,60.338250,11.657024,615.777001,135.535792,55.382538,620.137520,46.179701,43.126349,598.706060,129.903858,78.592380,629.590683,52.906577,65.644223,585.941711,124.766604,90.037584,681.614166,87.729158,95.388694,715.253120,161.263931,89.697811,663.236163,46.572902,96.512463,668.855654,124.924411,125.800079,714.596476,67.100666,94.375446,533.930486
114,91.026875,-9.601260,621.101099,126.116952,11.758975,615.693703,60.619568,11.462288,616.104826,135.501585,55.239711,618.739767,46.403273,42.926895,599.012134,129.847516,78.547277,629.413241,53.182359,65.538789,586.944834,125.045029,89.763306,682.109674,87.870603,95.002957,715.390229,161.471298,89.739748,663.983072,46.934848,96.312587,667.759464,125.969040,125.467990,713.381301,67.016542,94.645815,533.635262
115,91.356313,-9.720605,621.144385,126.288587,11.751222,616.130711,60.828151,11.369138,616.828206,135.449166,55.193318,618.116212,46.528496,42.945666,599.100469,129.913844,78.749052,629.403304,53.390922,65.579734,587.040089,125.121878,89.121798,680.768763,88.069276,94.689141,715.683531,161.488970,89.329291,663.182354,47.309525,96.213784,668.510522,126.936794,125.681529,714.939554,66.780711,95.118124,534.559392
116,91.621775,-9.790951,620.820482,126.902992,11.770384,617.022399,60.990351,11.294560,617.775886,135.846369,55.265684,619.079922,46.634839,42.979576,598.802648,130.405909,78.924342,630.833367,53.557496,65.588552,585.776476,125.260806,88.995985,680.180636,88.182885,94.359002,714.433620,161.830779,89.419084,664.083309,47.621980,96.085011,668.931725,127.035223,125.041818,712.544253,66.137773,95.986157,535.363181
117,91.976060,-9.715055,620.595914,127.069664,11.763229,616.601224,61.251480,11.220611,618.001162,135.980185,55.208434,617.900866,46.835245,42.836057,599.517893,130.648315,78.892887,630.466063,53.724972,65.566352,585.903523,125.027788,89.025420,678.304729,88.324769,94.171629,714.139822,162.090078,89.475344,663.569250,48.029748,95.994356,669.040583,127.835721,125.409171,713.934917,65.054478,96.332042,535.847089
118,92.337873,-9.645944,620.209189,127.473012,11.922892,616.979296,61.486711,11.207479,618.734699,136.315811,55.372178,617.920574,47.018077,42.613629,599.700872,131.156905,79.094634,632.038829,53.922134,65.564846,586.409246,125.592254,89.158897,680.289151,88.585569,93.941670,714.060868,162.750831,89.753438,664.822857,48.421696,95.917895,669.644046,128.649618,125.708878,716.064927,65.511503,96.319223,536.046676
119,92.675345,-9.654430,619.821909,127.749364,11.821935,616.302593,61.711945,11.018201,618.360899,136.409641,55.385734,616.961203,47.171444,42.434317,600.119065,131.343160,78.919210,632.177236,54.007022,65.487712,588.032073,126.071086,89.384975,681.377334,88.835928,93.761459,714.668392,163.059943,89.871895,664.909270,48.722820,95.790138,670.415052,129.174574,126.019381,718.061390,66.166638,96.467937,537.421922
120,93.037568,-10.029575,620.081871,128.097708,11.625778,616.243167,61.925521,10.666881,618.151107,136.717820,55.283786,616.791641,47.313363,42.155837,599.076518,131.573619,78.873951,631.534155,53.861736,65.186389,586.904149,126.382551,89.713951,681.904017,89.070363,93.785568,715.195477,163.253321,90.014143,664.109053,48.942185,95.568230,671.174621,129.267277,126.370521,719.198083,66.880371,96.349878,537.734439
121,93.353371,-10.073204,619.417456,128.614094,11.178355,616.819529,62.202164,10.243664,619.249968,137.025641,54.782358,616.198303,47.450618,41.981543,598.871261,132.013890,78.573632,630.709370,53.677847,65.103289,588.351933,126.585883,90.139282,682.370888,89.379556,93.922422,714.990533,163.789443,90.041571,665.208950,49.545897,95.359306,671.555505,129.254786,126.348453,718.855047,66.893014,96.326428,537.902350
122,93.782469,-9.857538,619.496558,128.881022,11.183717,616.972264,62.392757,10.250973,618.762812,136.967874,54.593268,615.624376,47.525615,41.852578,598.342680,132.225737,78.268336,630.156763,53.495332,64.966493,587.828644,126.627517,90.053539,681.647788,89.630510,93.986816,715.084663,163.935267,90.179130,664.325896,50.189973,95.168634,672.057439,128.893089,126.044333,717.444724,67.360882,95.843111,538.081557
123,94.188973,-9.520322,618.729921,129.389648,11.386678,618.003888,62.671401,10.463972,619.770091,137.135844,54.628980,614.603535,47.634729,41.953791,599.517805,132.447481,78.320987,628.697653,53.258565,65.052052,590.227037,126.597971,90.507246,680.282425,89.790498,94.207947,715.191167,163.756613,90.341815,663.526406,50.907395,95.192669,672.414836,128.751756,126.055250,716.846933,67.302108,95.673303,537.876163
124,94.618443,-9.066196,619.254989,129.915551,11.606178,619.047079,62.965799,10.704000,620.795763,137.558813,54.853171,614.898593,47.682745,42.056444,600.477474,132.972295,78.860905,629.204967,52.705917,65.381388,591.968056,126.829016,90.729049,680.290552,89.905112,94.446131,716.567610,163.965367,90.563677,664.035577,51.591591,95.512824,674.125452,128.765623,126.199055,716.460839,67.724434,96.092340,540.347040
125,95.052105,-8.536085,618.631636,130.426768,12.082433,620.397850,63.296476,11.009996,621.705544,137.956610,55.392271,615.949916,47.631862,42.395826,602.294638,133.583823,79.771575,630.537786,52.446483,65.596974,593.695435,126.893321,90.955603,680.163771,90.095040,94.867064,716.799211,163.072241,91.132909,664.125246,51.734972,96.059426,674.778381,128.670415,126.567944,715.943084,68.058832,96.542364,541.579134
126,95.528404,-7.933847,619.311981,130.971813,12.563580,620.967886,63.661001,11.428963,623.610640,138.365325,56.093947,616.815210,47.525844,42.866036,604.115229,133.915850,80.991355,629.730051,51.398392,65.998798,594.648323,126.659365,91.012446,678.988705,90.139046,95.153644,718.223829,160.971717,91.940993,662.364548,51.735602,96.637101,675.337358,128.942198,126.890419,715.828069,68.422840,96.967701,543.187779
127,96.030120,-7.330292,619.502587,131.465283,13.148932,621.738455,64.067797,11.878709,625.211923,138.519959,56.656647,616.656136,47.479729,43.194324,606.758005,133.742483,81.939712,627.427161,50.236697,66.224978,597.900633,126.228978,91.062235,676.960222,89.872228,95.419678,717.022468,160.035297,92.581193,660.521776,51.664005,97.252069,675.440726,128.239939,127.321231,714.317149,68.678121,97.682199,543.486897
128,96.554500,-6.708601,619.408427,131.663204,13.772882,620.947142,64.256985,12.354345,624.534160,138.461864,57.218315,615.824312,47.240290,43.516849,606.395809,133.505359,82.757583,625.508180,49.010323,66.395054,597.136948,125.937559,91.260204,675.615822,89.862763,95.714993,716.995261,156.259290,93.826617,658.329878,51.608313,97.721328,675.150525,127.127199,128.567135,716.587888,68.597932,98.050673,542.600660
129,97.211707,-5.774612,619.519540,131.991043,14.580145,620.717900,64.637422,12.818930,624.308646,138.872008,57.946342,616.797723,47.252330,43.826355,605.964309,133.694729,84.020427,625.505832,48.084353,66.494484,596.524531,125.832113,92.173904,674.126247,89.800475,96.455147,717.590807,154.558372,94.759668,657.228662,52.245041,98.520223,676.912388,126.476348,129.038793,715.644696,68.618689,98.772434,544.463714
130,97.777946,-4.788810,619.052599,132.414273,15.673406,620.645907,64.975749,13.527053,624.163003,139.030434,58.856037,616.844685,47.317642,44.524477,606.162594,134.183986,85.348530,625.559416,47.641032,67.189968,597.217238,125.806147,93.069606,674.401854,89.858718,97.477939,718.104040,151.365763,96.308741,656.560789,52.962155,99.068035,676.878998,125.449225,129.749143,714.970447,68.799895,99.324558,543.870666
131,98.485273,-3.847889,619.096252,132.984852,16.710586,621.429427,65.400409,14.185396,625.257672,139.505471,59.791121,617.522795,47.248896,45.331128,607.530927,134.653353,86.788779,626.320129,47.333052,68.039427,596.847575,125.686125,93.782474,672.145170,89.878758,98.359156,718.018672,150.260303,98.306926,653.121335,53.883383,99.599625,675.968933,124.229470,130.236684,714.548561,69.043763,99.751670,542.091312
132,99.230772,-2.791413,618.999536,133.613146,17.867740,621.835033,65.951910,14.986499,626.216472,139.794061,60.928285,617.123766,47.351531,46.267928,608.104248,135.165341,88.390307,626.984292,47.047352,69.062267,599.129097,125.847879,94.943917,672.435568,89.953971,99.508688,718.249072,148.670261,99.597534,652.295214,55.010596,100.072621,675.479957,124.438031,130.789437,714.678532,69.131315,100.362655,540.867630
133,99.999530,-1.969257,619.277680,134.317533,18.715554,622.707690,66.518483,15.758086,626.582043,140.243786,62.185469,616.908394,47.423631,47.310278,608.938808,135.867984,90.117709,627.372190,46.700738,70.056081,600.431607,125.936469,95.883679,671.121871,90.114699,100.419648,717.474806,146.906417,100.850336,650.689821,55.304665,100.788061,675.676306,125.735557,131.337103,715.517470,69.240827,101.170472,541.612051
134,100.576446,-1.122282,619.454886,134.647739,19.531913,622.259666,66.751356,16.400717,626.576538,140.282500,63.046062,616.036281,47.551535,47.788911,609.927606,135.797001,91.154461,626.176609,46.080959,70.808002,601.917126,125.089455,96.534186,666.869284,89.822700,101.438832,717.516534,144.930345,102.070899,647.528782,54.978656,101.644279,674.619223,127.728981,132.237178,716.309780,69.275027,101.869710,541.381012
135,100.784802,-0.348889,619.665694,135.252681,20.259218,623.374470,67.028380,16.981028,627.620895,140.534271,64.287056,616.772982,47.209893,48.253461,612.349694,135.946456,92.937213,627.088836,44.933785,71.262654,605.479139,124.430154,97.506007,666.132270,89.603004,102.640088,719.264217,142.752859,103.368977,645.550116,54.666967,102.630972,675.436668,129.647976,132.618326,716.599795,69.335855,102.925949,542.851590
136,100.976122,0.295206,619.616233,135.702325,20.833920,624.255018,67.264852,17.296993,629.196116,140.354972,65.386871,616.709286,46.802146,48.585269,614.679875,135.689532,94.541313,627.496636,43.611473,71.678178,609.125092,123.638373,97.806337,662.294304,89.269301,103.250336,718.925760,140.387177,104.608149,642.737728,54.177908,103.543643,675.155053,130.539963,133.358856,717.534128,69.109209,103.890657,542.977181
137,101.148042,1.404458,619.512370,135.924283,21.283274,624.217694,67.313654,17.148812,629.036855,140.094429,66.141967,615.645568,46.274046,48.718016,614.908955,135.090962,95.553905,625.018468,42.021040,71.897852,609.502348,123.071312,97.849579,659.922410,89.201942,103.609197,717.941010,138.226036,105.935134,639.669404,54.824390,103.981372,674.131781,131.077659,133.808875,717.802528,68.830435,105.056448,544.560855
138,101.257117,2.465791,619.219803,136.099664,21.878211,624.168915,67.349796,17.638597,628.876630,139.848204,66.790743,615.023012,46.342082,49.704790,615.379118,134.467190,96.492579,622.851833,41.518131,72.882542,610.058148,121.840958,97.811242,654.622325,89.134009,103.878884,718.121742,136.236755,107.288680,636.731849,55.418699,104.291133,673.844033,130.955996,134.633109,717.812419,68.575011,105.842286,544.518451
139,101.228413,3.561571,619.054829,136.221115,22.522013,624.032816,67.437117,18.212702,628.987238,139.651182,67.322231,615.097308,46.446877,50.662388,616.073919,133.932889,97.382031,621.955199,41.097969,73.898471,612.103527,121.649622,98.103370,652.203217,89.035606,104.178979,717.936191,137.552282,107.291967,637.012763,55.590222,104.508653,672.432581,129.152050,135.534654,717.434025,68.362552,106.504153,544.578229
140,101.200028,4.556798,619.306794,136.296503,23.548376,624.117442,67.398146,19.022743,629.472619,139.271472,68.101254,613.762978,46.302759,51.667659,617.174089,133.508250,98.258711,620.861128,40.586126,74.940585,612.451272,121.657191,98.940507,651.086014,88.845328,105.463414,719.367943,139.320134,110.105960,637.888907,55.307349,105.623049,674.591954,126.259902,136.387128,716.776022,68.284303,107.882320,547.793279
141,101.230505,5.435446,619.638850,136.458055,24.529652,624.154366,67.270530,19.895269,630.417996,139.318015,69.124582,613.185220,46.126171,52.779068,617.960894,133.145103,99.155474,619.396956,40.047232,76.135521,613.514165,121.501199,99.856468,650.685201,88.551587,105.944617,718.750079,139.120309,111.619589,636.577907,55.087947,106.461537,675.035525,123.237467,140.355834,717.302806,67.928758,108.678200,548.274979
142,101.231766,6.215349,620.564396,136.501797,25.356862,623.487399,67.153065,20.220986,630.339936,139.335241,70.342329,613.024441,45.626334,53.141986,618.047801,132.744238,100.364092,618.246902,39.059865,76.667654,613.962641,121.386736,100.958747,651.501578,88.229802,107.037134,719.047512,139.072088,113.179687,637.821204,54.972927,107.590661,677.502753,120.528683,143.756403,719.653149,67.925231,110.314862,551.597021
143,101.134986,6.904765,620.105930,136.897818,26.017513,624.152828,67.270220,20.461185,632.573119,139.522227,71.539314,613.406046,45.078833,53.435164,620.056290,132.484755,101.723832,618.057781,37.459583,76.968240,617.420688,121.218681,102.130543,651.289572,87.901605,108.220515,720.594053,139.727912,113.887603,638.370713,54.809445,108.714637,679.755932,117.135819,145.013120,717.736516,67.635697,111.899239,554.699701
144,100.895863,7.136782,619.680516,137.170789,26.585721,624.804347,67.572736,20.603068,634.680560,139.432149,72.339554,613.363175,44.541801,53.485426,623.211288,132.447631,102.830867,617.202358,35.549407,77.231230,620.916740,121.060054,103.221756,651.469776,87.515936,108.677994,719.877728,140.697691,114.612198,637.984214,54.492371,109.587440,680.320311,117.454669,147.668936,725.603082,67.151375,113.095452,555.833760
145,100.868790,7.143020,619.391309,137.447048,27.230240,625.418519,67.962707,20.947112,635.937940,139.370777,72.933953,613.060266,43.950902,53.365090,625.563429,132.279892,103.795065,615.984239,33.129111,77.142978,622.045807,121.007282,104.371413,651.314294,87.404064,109.470871,720.561538,142.450726,115.181358,638.258298,54.989092,110.335845,683.121807,111.908930,148.875650,723.312237,66.958463,114.249602,558.090948
146,100.663422,7.810900,618.456628,137.791469,27.933081,624.706975,68.418435,21.179814,636.708524,139.612565,73.429803,612.130902,43.489462,53.319000,626.691663,132.491775,104.686614,614.884774,31.375232,76.438641,622.954416,121.113252,104.916935,651.550467,87.526134,109.925408,721.890231,140.168640,116.417088,638.210931,55.724002,110.897164,685.343253,107.666558,153.220518,722.291051,66.535022,115.645264,561.674836
147,101.279407,8.563302,618.875247,138.246026,28.625908,625.066308,68.916373,21.418722,637.154963,139.890019,73.961629,611.485075,43.057422,53.330757,627.721588,132.650744,105.529866,613.107349,29.896453,76.376168,625.826869,120.852681,105.397745,650.402934,87.736634,110.346015,721.383664,138.635366,118.045339,638.243460,56.657658,111.271704,686.909775,106.066368,158.591754,731.591669,66.140504,116.184379,564.301122
148,101.636965,9.608460,619.000423,139.081200,29.511427,625.522330,69.556879,21.883299,637.939137,140.362454,75.303249,611.017686,43.122071,53.470271,628.719358,132.891179,106.397391,610.232063,28.809297,76.806368,626.067273,120.838901,105.965382,648.234833,87.703073,110.714536,719.725105,138.168520,119.015935,635.653703,56.647622,111.046045,686.452596,99.154251,159.011351,722.071148,66.474370,116.754773,564.363607
149,101.837803,10.465950,618.308215,139.660274,30.316914,625.594900,70.178458,22.416751,638.883183,140.833951,75.951661,609.906183,43.028381,54.014165,629.651291,133.248998,107.734241,608.048608,27.627200,77.580710,626.100539,121.215030,107.020437,648.220471,88.099888,111.437177,719.928967,138.247003,120.416761,634.053917,56.469458,111.986512,687.912981,129.553990,152.250539,737.263791,67.933346,117.309322,565.872186
150,102.071513,10.923560,617.071397,140.412201,31.117603,626.278543,70.634731,22.903970,640.220261,141.502909,77.188463,610.048735,42.441871,54.799208,630.966791,133.646712,108.791436,605.710426,26.145652,78.462763,627.053921,121.644533,108.185013,649.634807,88.077196,112.364986,721.515560,136.387189,122.640504,636.326355,56.033329,112.668430,687.704700,130.448104,153.964542,740.465258,68.289067,117.632981,564.304087
151,102.387083,11.175395,617.236314,140.964386,31.716628,626.856226,70.838502,23.088602,640.390711,142.055041,78.358953,610.692070,41.816359,55.018639,631.855695,134.158780,110.322737,604.299223,24.177219,78.230468,627.660391,120.834785,108.201456,645.735461,87.770429,112.976306,719.669230,134.678981,123.942000,633.960953,55.743179,113.652372,688.882958,129.378068,155.543776,742.391576,68.078776,118.154728,565.267272
152,102.630612,11.072929,615.772015,141.480719,32.245949,627.047858,71.173577,22.926649,641.190229,142.383400,79.237195,610.322657,41.082536,55.294560,633.437670,134.753628,111.844774,603.292421,22.282410,77.983045,628.722097,120.657890,108.909317,644.803287,87.521472,113.925786,720.041826,134.197206,125.903496,635.877981,55.429432,114.552254,689.274369,128.571216,157.160757,742.902291,67.807556,118.826816,565.114115
153,102.919500,11.606767,616.201756,141.645475,32.771696,625.542122,71.400245,22.816377,640.863340,142.216257,79.762065,609.696679,40.068003,55.503952,634.499498,134.618882,112.678257,601.303925,20.863913,77.927149,630.386247,120.007003,110.024933,642.196932,87.231608,114.606124,720.142957,132.844178,127.432735,633.972231,55.367522,114.668481,688.778252,130.442952,158.737273,746.405313,67.711812,119.341487,563.876937
154,103.112708,12.509391,617.016275,141.964310,33.472276,625.960277,71.548569,23.106321,641.098791,142.139949,80.283817,610.133591,38.709970,55.543700,634.260422,134.239606,113.530655,599.640299,19.328000,77.633807,631.558934,119.583479,110.246850,640.441137,87.084992,114.877502,719.222329,131.029257,129.194578,632.339514,55.783050,114.690552,688.501810,127.714070,160.487284,747.675227,67.525420,119.949771,563.829258
155,103.092867,13.472796,618.015861,142.116382,34.365649,626.461623,71.544073,23.475608,640.489910,141.957555,80.795096,609.994083,37.690668,56.049524,635.086621,133.675739,114.465305,598.078514,17.857101,77.946241,632.807238,118.858814,110.433881,637.092679,86.830463,115.282080,718.183930,126.669589,131.272398,631.386234,55.999267,114.848346,687.588717,0.000000,0.000000,0.000000,67.370479,120.632862,563.271946
156,102.943863,14.573297,618.896249,142.150409,35.347660,626.722296,71.459382,24.019748,640.995015,141.955752,82.141053,610.472293,37.383070,56.774190,635.907288,133.651067,115.932231,599.017318,17.032599,78.936118,632.346909,118.309147,111.437096,636.562160,86.495865,116.078583,718.721084,125.398263,133.206759,631.558217,56.112533,115.470850,687.445060,0.000000,0.000000,0.000000,66.924192,122.080974,563.137597
157,102.642649,15.422323,619.544985,142.083227,36.222281,626.876515,71.197154,24.838446,641.011358,141.918906,83.422752,610.936735,37.250699,57.963547,635.913844,133.958407,117.213583,599.142196,16.605492,80.706355,632.233941,117.703866,112.517912,636.327854,86.001369,117.070473,717.244510,125.484713,134.936783,631.284384,55.709386,116.131014,686.789813,0.000000,0.000000,0.000000,66.070104,122.804861,562.921945
158,102.146299,14.903120,619.971591,141.760775,36.780716,625.182190,70.801262,25.256619,639.182532,141.614674,84.696150,610.815948,36.921139,58.974689,634.673566,133.665363,118.792536,598.317036,16.541883,82.283383,631.387651,117.274759,113.956084,636.484624,85.276379,117.733785,714.280933,126.346806,135.948753,632.368376,54.186769,116.398948,685.537878,0.000000,0.000000,0.000000,65.114868,123.548920,562.509736
159,101.409491,14.204845,620.480887,141.389972,37.360406,625.157977,70.238485,25.687793,640.357546,141.382659,86.087039,610.706688,36.812409,60.088901,636.434958,133.046953,120.398179,596.644282,15.816622,83.005585,632.291511,116.858323,115.390105,636.458922,84.494679,119.046028,714.898866,127.328446,137.005657,633.494883,52.986041,117.763973,686.422729,0.000000,0.000000,0.000000,64.534493,124.707324,564.478279
160,100.322887,13.580465,620.397490,140.751419,37.656259,624.161567,69.450211,25.638459,640.344112,141.044836,87.442448,610.372638,36.513371,59.807896,636.462498,132.756180,122.274652,597.341334,15.694347,81.497828,630.037066,116.553416,117.045949,636.947315,83.608559,119.497931,712.434627,128.170791,137.686420,633.531700,51.357512,118.297960,684.403821,0.000000,0.000000,0.000000,63.579115,125.457163,564.490972
161,98.676075,13.182983,620.987973,139.917553,37.910779,623.259986,68.507142,25.376589,638.137507,140.495127,88.520162,609.985284,36.395725,58.987452,634.835861,132.197590,123.701527,597.505211,15.366392,80.612478,629.251100,116.035543,117.606447,635.697194,82.824134,120.239656,712.517009,129.154091,138.835547,635.254581,50.344388,119.211742,684.578244,0.000000,0.000000,0.000000,62.952561,126.775347,564.886926
162,95.954087,12.849132,621.376677,139.554360,38.186333,622.123796,68.234046,25.416478,637.548960,139.958352,89.679272,609.062287,36.375332,58.536941,633.229849,131.302323,125.356221,596.618639,15.153655,80.939156,629.045778,115.504178,118.295819,634.783468,82.174167,120.883663,712.001128,130.320773,140.025046,636.832812,49.978677,119.759615,684.239707,0.000000,0.000000,0.000000,62.026487,127.542070,564.364184
163,93.894781,12.935610,620.551182,139.201579,38.798383,621.380718,68.375361,26.035622,636.474705,139.420446,90.489636,607.787085,36.617873,58.625470,632.308857,130.646627,126.485240,596.619336,15.174097,81.559093,628.370186,115.714929,119.468863,636.595646,81.945637,121.861784,711.626552,131.425657,140.981537,638.837275,49.937921,119.867881,684.050153,0.000000,0.000000,0.000000,61.194369,128.331984,563.414042
164,93.030579,13.435604,619.372352,139.299722,39.388032,620.042384,68.581193,26.871570,636.880924,139.265927,91.397188,606.405848,36.536037,59.847707,631.641262,130.311376,127.459481,597.049786,15.571582,83.029387,627.403987,116.041603,120.101663,638.330536,81.767729,122.505598,711.995097,132.375432,141.810271,640.651307,49.920012,120.086849,684.176013,0.000000,0.000000,0.000000,60.570609,129.574632,564.211121
165,92.100825,13.847654,618.112623,139.603744,39.840087,619.530846,68.919871,27.629134,638.508013,139.289330,92.710241,605.720384,36.665891,61.228585,633.681976,130.145874,128.427285,597.008773,15.553686,84.857153,628.911125,116.430924,120.768451,638.855839,81.783751,123.250145,712.407587,133.118349,142.310819,642.089803,49.957587,120.755257,685.617371,0.000000,0.000000,0.000000,59.885049,130.894085,566.183830
166,91.146506,13.903216,617.252066,139.901854,40.264594,618.626617,69.075890,28.089324,638.053217,138.933602,93.791236,604.009277,36.291129,62.466082,633.281327,129.752281,129.737928,595.845584,15.161767,86.757988,628.497602,116.679391,121.727503,641.105103,81.920998,123.078972,709.936710,133.694776,143.018987,643.724411,49.609700,120.812675,684.264186,0.000000,0.000000,0.000000,59.186537,132.202404,567.247997
167,90.127669,13.720625,616.736017,140.130859,40.568936,617.895698,69.316352,28.244222,638.801349,139.022135,94.529080,603.010808,35.961593,63.342988,633.091027,129.308778,130.996061,596.277955,14.617288,88.114120,628.813866,117.018998,122.112227,639.033075,82.065267,123.566435,710.205778,132.461662,144.729319,645.181680,49.710958,122.225753,685.798830,134.838000,176.353000,769.829000,58.626427,133.074548,568.629735
168,89.020895,13.558091,616.296565,140.081408,40.861752,616.876023,69.511759,28.392225,639.425625,138.677643,95.518854,602.096753,35.562063,63.576912,634.181045,128.429487,131.925261,595.204381,13.827319,88.490997,630.260972,117.304401,123.429553,640.744497,82.278111,124.477118,710.030796,123.721856,147.421309,638.639818,49.506665,123.436972,686.693045,0.000000,0.000000,0.000000,58.046986,133.890085,569.321387
169,88.149145,13.096012,615.772529,139.955374,41.163799,615.997780,69.510845,28.425526,640.102580,138.341395,96.292359,600.390649,35.251460,63.816828,635.283568,127.774207,132.577946,593.537798,12.980839,89.073103,630.584751,117.136807,124.093147,639.322878,81.730516,124.710003,708.073925,121.588458,148.786436,638.459337,48.986942,124.026768,686.717093,0.000000,0.000000,0.000000,57.555155,134.535239,569.624839
170,87.285716,12.798318,614.342507,139.704576,41.391446,614.310854,69.625772,28.386624,640.822726,138.132161,96.942862,599.023618,35.001893,64.091195,636.200183,127.424951,133.486466,592.118745,12.249372,89.790250,631.243027,117.384254,125.623854,641.039662,81.854834,125.403269,708.508204,119.455075,150.151558,638.278883,48.704443,124.609700,686.807161,0.000000,0.000000,0.000000,57.030311,135.002213,570.299605
171,86.541508,12.670136,614.557614,139.817331,41.940881,613.464490,69.500997,28.592961,639.749132,138.259728,97.907420,598.742278,34.563215,64.720534,634.671781,127.272683,135.049167,593.520878,11.572160,90.767994,629.353657,118.202174,126.696066,642.819585,81.780024,125.663196,706.472321,117.321472,151.516676,638.098409,48.917656,125.133244,688.458720,0.000000,0.000000,0.000000,56.557236,135.525694,569.889397
172,86.049751,12.548404,614.465282,139.741896,42.483776,612.067132,69.742546,29.031154,636.974763,138.379404,98.610260,597.285874,34.437317,65.981822,632.125358,127.561780,136.098971,593.924014,11.274876,92.205909,626.458865,119.083209,127.683780,643.315030,81.989412,126.150793,703.136825,115.187397,152.881785,637.917872,48.790984,125.118111,686.632529,0.000000,0.000000,0.000000,55.680645,136.027365,568.565399
173,85.642889,12.488656,614.831630,139.762047,42.913712,610.898768,70.025628,29.322196,635.017053,138.729103,99.394026,596.003637,34.918700,66.432698,630.707723,128.210256,136.842832,594.612673,12.692943,92.112380,623.599394,120.150027,129.345176,644.975664,82.217477,127.094955,703.624856,113.054899,154.246897,637.737489,48.709959,125.527083,688.033147,0.000000,0.000000,0.000000,54.887011,136.824746,568.420230
174,85.426246,12.319835,614.683628,140.432407,43.286425,610.864070,70.477601,29.512043,636.259356,139.516239,100.665670,596.470411,35.188264,67.255449,632.102974,128.823826,137.987803,594.834513,13.003317,93.092648,625.119984,120.699166,130.773575,645.110750,82.355810,128.497778,704.724795,110.921502,155.612021,637.557057,48.189149,126.650716,688.558229,0.000000,0.000000,0.000000,54.130491,137.227023,567.776553
175,85.203336,11.616778,613.826990,141.178126,43.606486,610.847155,71.059166,29.480894,637.152580,140.378018,101.724006,596.884987,35.370664,67.064550,632.259433,129.502165,138.758239,595.427575,14.021885,92.923977,625.962672,121.605837,131.802984,645.347390,82.602642,129.331363,704.343220,108.788118,156.977123,637.376670,47.702238,127.622974,688.488430,0.000000,0.000000,0.000000,53.490099,137.904141,567.390731
176,85.177027,10.745303,612.961418,141.954142,43.824988,610.813055,71.572812,29.374160,638.430477,141.323527,102.952458,596.856568,35.780435,66.957232,633.737510,129.173198,139.497086,595.358373,16.197179,92.902164,626.968864,122.116631,133.090146,643.822265,83.157738,130.687265,704.653381,116.786532,151.123308,649.311148,47.310231,128.332594,688.063146,0.000000,0.000000,0.000000,52.760629,138.483427,566.575140
177,85.485204,10.043428,611.461472,143.117271,43.882635,610.633299,72.333440,28.927597,639.499014,141.836956,104.010054,597.190921,36.712091,66.936995,634.597986,128.539839,139.856463,594.761365,18.631552,92.880734,628.716137,122.113726,133.134192,641.549183,83.544769,131.006564,704.637962,90.783121,158.758980,637.675630,47.122922,128.619500,686.781486,0.000000,0.000000,0.000000,52.037743,138.854730,564.863540
178,86.365526,9.360886,610.662725,144.306608,43.821488,610.262967,72.910341,28.483902,640.788994,142.542707,104.651438,597.041769,38.029368,66.946977,635.803166,129.164640,140.251952,595.170525,20.526473,93.103099,629.735012,122.838736,134.573166,643.485211,83.664215,131.486473,704.005887,44.671210,170.726972,598.166431,47.000012,129.059148,686.006015,0.000000,0.000000,0.000000,51.374042,139.145108,563.620377
179,86.659583,9.112330,609.339890,144.795855,43.753660,610.041488,73.278857,28.206951,640.703601,142.663643,104.931979,596.118253,38.465229,66.924650,635.811625,128.787066,140.548836,594.535681,22.016869,93.186190,629.609071,123.162539,134.777989,643.582739,83.854901,131.582781,703.257088,0.000000,180.595200,564.112521,47.089741,129.370091,684.604251,0.000000,0.000000,0.000000,50.758501,139.378129,561.364870
180,86.770874,9.253031,609.617407,144.890175,43.452236,609.405563,73.410790,28.252137,641.224847,142.851506,105.184550,595.504838,39.010191,67.377521,636.207230,128.686370,140.802488,594.022454,23.742965,94.027749,628.503040,122.932790,134.578837,640.719675,84.014909,131.774938,702.940176,0.000000,190.406902,593.306399,47.745697,129.269268,685.465058,0.000000,0.000000,0.000000,51.002212,139.674181,562.112071
181,86.835105,9.259232,610.473282,144.982023,43.043115,608.930148,73.284682,28.470656,639.700617,143.228648,106.233778,595.573605,39.620635,67.848750,634.224822,128.775809,141.834133,595.064941,25.507385,95.222418,626.113239,122.716968,134.772615,638.032553,84.356299,132.186371,702.580648,-3.716974,193.344836,519.397642,48.966184,129.540071,684.639337,0.000000,0.000000,0.000000,51.949184,139.016547,564.013684
182,86.658625,9.160350,611.461474,145.205219,42.975640,609.210181,72.981641,28.737787,639.105891,144.028039,106.941934,596.387202,39.979421,68.543390,632.578094,129.277938,142.349245,597.579446,27.046884,96.411385,624.881527,122.642202,134.547895,635.514241,84.167129,132.359113,700.768510,0.000000,0.000000,0.000000,48.639190,129.512836,682.685590,0.000000,0.000000,0.000000,52.431433,138.147334,561.096856
183,86.367293,8.775537,612.355299,145.199092,43.299660,608.965703,72.597035,29.111805,639.822910,144.131490,107.460017,596.730499,40.564652,69.434506,632.824281,129.293933,143.112985,598.878702,28.648770,97.746907,624.879324,122.771745,135.079065,635.066435,83.896026,133.525050,701.365480,0.000000,0.000000,0.000000,48.634474,130.681564,683.034010,0.000000,0.000000,0.000000,52.701621,139.423287,562.900761
184,85.788615,8.255349,612.357460,144.936478,43.558641,609.238558,72.297579,29.605999,639.862685,143.975062,107.907416,596.858051,41.433339,70.325672,632.946635,128.775311,144.184283,599.718804,30.041945,98.843432,623.681063,122.607828,135.588552,632.978384,83.633583,134.576564,700.352688,0.000000,0.000000,0.000000,48.454304,131.387962,685.109014,0.000000,0.000000,0.000000,52.843110,139.709211,566.395459
185,84.551496,7.901037,612.134188,144.274234,43.781814,608.982607,71.975573,29.966503,637.968533,143.804451,108.281554,597.211868,42.385606,71.098674,631.547457,128.441680,145.077622,601.976489,30.957340,99.587546,622.073771,122.349833,136.213313,631.976778,83.360076,135.619044,700.719809,0.000000,0.000000,0.000000,48.036182,131.665247,684.702830,0.000000,0.000000,0.000000,52.916544,138.956887,564.005117
186,82.574241,7.664014,613.288144,143.839921,44.085785,609.258155,71.763690,30.380538,637.880008,143.722087,108.896173,598.156685,43.377048,71.789235,632.058522,127.669136,145.675026,602.307406,31.995951,100.103664,621.734073,122.186672,136.787571,630.695393,83.299839,136.367480,700.518698,0.000000,0.000000,0.000000,47.600451,132.101766,686.293074,0.000000,0.000000,0.000000,53.157753,139.151829,564.103985
187,82.052040,7.799800,614.403644,143.755000,44.059778,608.811822,71.601978,30.647853,636.296774,143.719426,109.547059,597.981417,44.393425,71.810551,630.294363,126.985450,146.167918,602.572567,33.054463,99.912456,620.033352,122.071946,137.263428,629.499623,83.466913,136.782720,699.640524,0.000000,0.000000,0.000000,47.747814,132.157604,684.523370,0.000000,0.000000,0.000000,53.380791,138.794015,562.649213
188,81.953941,7.904995,614.659142,143.792622,44.184466,608.884817,71.454030,31.053629,635.280401,143.716457,109.599898,597.961694,45.469948,72.542444,629.649520,126.109758,146.361558,603.151361,34.775913,101.639319,619.992245,122.220833,137.569892,629.811767,83.555821,137.318316,700.215596,0.000000,0.000000,0.000000,48.418682,131.939641,683.960932,0.000000,0.000000,0.000000,53.555955,138.301493,560.882804
189,82.059133,7.971107,615.492213,143.870431,44.112343,607.931277,71.284649,31.567191,634.080529,143.720102,109.341649,597.498290,46.386566,73.431031,628.426537,125.357276,146.434491,604.894488,36.554916,103.098424,618.814320,122.997493,137.958386,631.066612,83.659115,137.557250,699.859213,0.000000,0.000000,0.000000,49.210460,131.366919,682.336715,0.000000,0.000000,0.000000,53.885328,137.657396,558.845680
190,82.605294,7.210078,615.597979,144.013419,44.132348,608.428477,71.237871,31.911959,634.271013,143.656350,108.955657,596.436736,47.503405,74.523308,628.848305,124.605761,146.126305,604.496067,38.222436,104.419653,619.600738,123.147784,137.982341,631.630312,84.456619,138.132779,701.135521,0.000000,0.000000,0.000000,50.190672,130.889766,685.189996,0.000000,0.000000,0.000000,54.408983,137.586160,561.445833
191,83.367104,6.948477,615.722622,143.969780,44.323738,608.475940,71.299797,32.334078,635.282109,143.547356,109.063302,596.392919,48.650613,75.621008,630.153512,124.065443,146.142529,604.053585,39.806880,105.823928,621.804915,123.165297,138.106120,630.737495,84.470956,139.044628,703.588471,0.000000,0.000000,0.000000,49.790896,131.184056,686.280290,0.000000,0.000000,0.000000,55.075252,137.381661,562.007828
192,84.252644,7.041656,615.237118,143.901555,44.365229,608.012508,71.469949,32.732362,636.692316,143.516686,109.190923,596.665401,49.679181,76.564229,631.790359,123.531151,146.181866,604.864988,41.404775,107.057282,622.436311,123.306141,137.980126,629.453641,84.634784,139.842098,705.636242,0.000000,0.000000,0.000000,49.130911,131.359563,688.540814,0.000000,0.000000,0.000000,55.490571,138.322434,565.350265
193,85.172083,7.283565,614.957674,143.865947,44.339688,607.930232,71.850823,33.039227,637.471494,143.299218,109.345506,596.524271,50.433967,75.960897,631.794759,122.702202,146.131435,605.295496,42.264006,106.534704,623.132052,123.323564,136.877782,626.173851,85.066676,139.997220,706.925678,0.000000,0.000000,0.000000,48.499353,131.145014,687.442733,0.000000,0.000000,0.000000,55.861489,137.459432,563.556544
194,86.386609,7.732846,614.475110,143.697520,44.376921,607.438885,72.252397,33.417132,638.081712,142.772600,109.713339,595.608600,50.944699,75.845653,631.971737,121.446410,145.533635,604.231747,42.742294,107.019919,624.143004,123.550783,136.662476,625.523415,85.880960,140.404532,707.854058,0.000000,0.000000,0.000000,49.263117,131.862331,689.362903,0.000000,0.000000,0.000000,56.247255,137.634380,564.409148
195,87.677451,8.342730,613.958203,143.972119,44.526964,607.273010,72.405937,34.101915,638.087126,142.139298,109.378286,594.806213,51.512057,75.976973,632.217819,120.212932,144.946274,603.692718,43.211765,107.339451,623.900010,123.455059,136.049520,624.826791,86.648460,140.588222,709.798759,0.000000,0.000000,0.000000,49.528940,131.944361,688.589306,0.000000,0.000000,0.000000,56.446625,137.277173,564.022103
196,88.673470,9.196302,614.087581,143.712182,44.865614,607.404931,72.226510,34.747527,637.749946,141.428868,109.606397,594.886951,51.633808,76.183425,630.943063,118.535713,144.961863,605.452246,43.846586,107.548974,624.046633,122.953260,136.016264,625.553454,86.752822,140.543314,709.195454,0.000000,0.000000,0.000000,49.349391,131.617797,688.457483,0.000000,0.000000,0.000000,56.165678,137.663826,564.276924
197,89.316182,10.109769,614.264504,143.346447,45.345707,607.656537,71.754497,35.450631,637.819711,140.835451,109.680315,595.936652,51.749989,77.354330,631.267059,117.745940,144.678084,607.178575,44.481410,108.567259,625.743361,122.298301,135.032729,623.432978,86.275436,140.972697,711.271187,0.000000,0.000000,0.000000,49.285345,131.571935,689.679482,0.000000,0.000000,0.000000,54.848254,137.616514,565.118234
198,89.923629,11.130463,614.628759,142.976901,45.882043,608.259228,71.093147,36.505827,638.764728,140.456737,109.822576,596.958389,51.832667,78.668479,631.697188,117.126338,144.621698,608.972847,45.126517,109.411207,626.681655,121.595759,135.112045,623.592896,85.825209,141.266968,711.263757,176.954388,151.325767,647.118531,49.129444,131.120064,689.341690,0.000000,0.000000,0.000000,54.069537,137.216401,563.749480
199,90.320242,11.784631,615.011551,142.553443,46.192496,608.928278,70.626686,37.171323,638.845352,140.217454,109.798897,598.038788,52.124226,79.906519,632.803410,116.599068,144.018678,609.699882,46.073592,110.181656,626.824548,121.163843,135.170592,624.128491,85.538132,141.310953,711.165594,171.716873,151.423755,642.651552,48.915294,130.996820,688.311658,0.000000,0.000000,0.000000,53.712092,136.874457,562.442187
200,91.066671,12.240580,615.802441,142.182339,46.493940,610.385463,70.210370,37.698917,639.733787,140.226179,109.994021,599.238878,52.297055,81.355605,633.898812,116.010214,143.910670,611.199790,49.746299,110.918820,628.527638,120.834297,135.182685,623.815636,85.277318,141.492359,711.590318,166.389063,149.303653,636.693818,48.581806,131.318641,688.240465,0.000000,0.000000,0.000000,53.617585,136.769302,563.683018
201,92.744866,12.690583,616.271264,142.869379,46.752547,611.005151,69.986124,38.226414,638.942263,140.273888,110.240134,600.219998,53.066629,82.539619,632.323452,115.311918,144.032369,612.119738,51.932288,110.825651,627.441526,119.984737,135.076948,623.525809,84.634913,142.073257,712.336040,161.233257,147.095036,630.701134,47.294213,131.661313,687.259294,0.000000,0.000000,0.000000,53.503622,135.617821,562.246435
202,94.037971,13.113929,617.878289,143.691562,46.949615,612.329209,69.848063,38.734185,638.022530,140.048719,110.233375,601.787333,54.558715,83.206457,631.288073,114.666196,144.218012,614.690363,52.545473,110.917024,626.916334,119.011437,134.935192,624.103607,83.971467,142.585284,710.998436,156.416301,144.940845,624.883663,46.107547,132.488324,687.842714,0.000000,0.000000,0.000000,53.758057,134.511292,561.750727
203,94.895055,13.538103,618.095870,143.141877,47.044012,613.502892,69.451519,39.238848,638.906926,139.461660,110.210568,603.324862,55.358869,83.682591,632.480745,114.196654,143.780826,616.191138,52.484616,111.135974,628.790620,118.007725,134.766736,622.466435,83.898175,142.985978,713.711745,152.034199,142.885101,619.531194,45.307593,132.897057,687.189150,0.000000,0.000000,0.000000,54.328440,133.826503,560.849763
204,95.005847,13.939622,618.918399,142.228774,46.980393,614.534032,68.883251,39.773110,639.353215,138.842637,110.240060,605.262472,54.846106,84.013382,633.769923,113.755835,143.171162,616.742128,51.974895,110.525522,630.040672,116.998757,134.705636,622.354942,83.967295,143.453522,714.086466,134.575446,140.970838,614.769391,45.164677,132.637138,685.623953,0.000000,0.000000,0.000000,54.776124,133.160069,560.585126
205,94.738255,14.334395,619.281559,141.271119,46.948298,615.382758,68.180008,40.338363,637.239167,138.049461,109.993223,606.064329,54.063819,84.463973,632.243438,113.358048,142.528005,617.941279,51.326938,110.159522,629.031860,115.930542,133.529172,620.800298,83.613996,143.365457,711.889911,129.114783,139.223120,608.636647,45.670241,132.420715,685.886677,0.000000,0.000000,0.000000,55.779750,132.607058,561.814650
206,94.374119,14.925900,620.794422,140.176521,47.011015,616.652188,67.398221,40.945839,636.744435,137.150993,109.731099,607.953814,53.236342,85.194303,631.571423,112.890794,142.121970,620.580627,50.687040,110.179171,629.814021,114.964323,132.905809,618.882795,83.076874,143.725947,715.395330,127.078734,126.753004,584.623008,46.130353,132.619749,687.919194,0.000000,0.000000,0.000000,56.158659,133.490817,565.565274
207,94.014726,15.750569,622.454172,139.048924,47.126912,617.777365,66.579790,41.547310,633.545731,136.186377,109.317305,609.745902,52.398244,85.905433,629.584389,112.226211,141.845720,623.180227,50.042697,110.337800,628.324740,113.951860,131.739064,617.093339,82.530429,143.741531,713.740249,125.885228,126.753015,584.623200,46.107960,132.642140,688.303032,137.352000,178.448000,743.754000,56.243454,132.864769,563.740528
208,93.680713,16.626139,622.407083,137.871300,47.301821,618.780598,65.734055,42.197262,634.506373,135.206402,108.792341,611.433019,51.521265,86.600299,630.912184,111.121362,141.630376,623.829966,49.410607,110.539030,630.690322,113.008968,130.886032,615.902842,81.945418,144.099539,717.319053,122.310411,126.754583,584.622994,45.813947,132.355841,690.937440,0.000000,0.000000,0.000000,56.085586,132.327594,570.618461
209,93.297711,17.178674,622.328570,136.701711,47.473034,619.575640,64.860027,42.820967,636.101532,134.212244,108.296870,612.310984,50.666565,87.309815,632.130797,109.665153,141.402286,624.023115,48.604972,110.769276,632.474689,111.784215,130.161459,614.781911,81.354819,144.088752,719.919481,122.310001,126.753011,584.625191,44.803971,132.216430,691.154221,0.000000,0.000000,0.000000,55.107796,132.723797,571.078231
210,92.884340,17.498926,622.459028,135.529183,47.699503,620.621738,63.997282,43.549783,637.251819,133.273774,108.070677,613.992595,49.817477,88.013941,633.522731,108.096087,141.171078,624.427389,48.003590,111.491939,633.742675,110.576462,129.376006,613.868010,80.659888,143.775585,722.448198,122.310508,126.753000,584.623000,43.860675,132.074773,691.826481,0.000000,0.000000,0.000000,54.193238,132.457101,571.455437
211,92.470859,17.772190,623.708353,134.213020,47.938995,620.620360,62.919034,44.210759,633.811390,132.029524,107.881762,614.278498,48.805003,88.731488,631.564940,106.804627,140.786513,625.335569,47.284288,111.701950,632.864382,109.683604,128.539084,614.861139,79.801711,143.457070,721.083961,122.310000,126.753003,584.623367,42.972047,131.951339,692.349174,0.000000,0.000000,0.000000,53.322386,132.457008,571.944342
212,91.806143,18.427085,623.750900,132.917452,48.365022,621.389134,61.954424,45.131563,634.189270,130.772613,107.702031,614.670352,47.948480,89.850472,632.982718,105.426975,140.692842,625.735515,46.570068,112.258438,633.922710,108.800257,128.239216,614.182228,79.020302,143.952403,720.644773,122.310048,126.753012,584.623129,42.144959,131.842882,692.782081,0.000000,0.000000,0.000000,52.485431,132.457015,572.321040
213,91.195845,19.782683,624.871838,131.569406,48.918040,621.381111,60.912396,46.008437,632.783858,129.531773,107.367307,614.927237,46.938152,90.587873,632.041515,104.978604,140.638549,627.305079,45.704518,112.558904,632.741979,107.547461,127.671198,613.595779,78.110749,143.655501,720.501980,122.310016,126.753000,584.623023,41.374003,131.045390,695.671337,0.000000,0.000000,0.000000,51.713369,132.457016,572.617931
214,90.626673,20.959054,625.663894,130.256833,49.613704,622.187680,59.935092,47.099284,631.735732,128.720315,106.998236,616.461521,45.977239,91.662561,630.925639,104.682318,140.782844,629.827673,44.910166,113.064279,632.281086,106.498451,127.104282,612.794794,77.293137,143.574888,720.420255,122.310001,126.753000,584.732959,40.653593,130.984014,695.720002,0.000000,0.000000,0.000000,51.006377,132.457001,572.867349
215,90.158304,21.961933,626.582196,129.006377,50.570058,622.120548,59.008707,48.270782,630.711990,127.492904,106.873599,616.576916,45.066200,92.494329,630.550947,103.442723,140.679795,630.022399,44.020524,113.203786,631.969667,105.304997,126.737423,612.543595,76.872405,144.932991,721.733682,122.310003,126.753000,584.623691,39.980415,130.984013,695.720006,0.000000,0.000000,0.000000,50.350391,132.457000,573.083341
