5,209.072028,-24.650115,639.168374,239.337890,28.981493,618.282682,221.308249,16.278140,711.082850,252.701325,59.414248,604.646464,186.350003,31.394305,713.370653,249.646762,92.991001,584.053531,151.967879,39.856205,720.241681,258.386722,136.883675,757.794088,210.362989,111.749775,712.851825,0.000000,0.000000,0.000000,0.000000,0.000000,0.000000,0.000000,0.000000,0.000000,0.000000,0.000000,0.000000
6,209.407627,-24.867457,639.876499,240.047720,28.738138,618.953064,221.871725,15.942605,711.733527,253.985577,58.898161,605.372996,186.740095,30.824005,714.668852,250.702303,92.068407,583.041633,152.316345,39.229379,721.413965,259.088361,136.435223,758.524190,211.074185,111.150437,715.085727,0.000000,0.000000,0.000000,0.000000,0.000000,0.000000,0.000000,0.000000,0.000000,0.000000,0.000000,0.000000
7,209.576402,-25.061806,640.461573,240.433061,28.490684,619.636270,222.151695,15.606004,712.292132,255.121622,58.340291,606.140892,186.937944,30.267669,715.032496,251.479685,91.106214,581.578804,152.699176,38.631362,721.667771,258.924536,136.010614,758.871704,212.191567,110.422456,716.191955,0.000000,0.000000,0.000000,0.000000,0.000000,0.000000,0.000000,0.000000,0.000000,0.000000,0.000000,0.000000
8,209.733706,-25.252186,640.980938,241.189245,28.234561,620.203578,222.732237,15.301395,712.773366,256.131857,57.754930,606.829789,187.105720,29.772671,715.370939,251.865229,90.092626,580.088614,152.897523,38.066517,721.950649,259.649756,135.535837,759.190480,213.361346,109.982799,716.484671,0.000000,0.000000,0.000000,0.000000,0.000000,0.000000,0.000000,0.000000,0.000000,0.000000,0.000000,0.000000
9,209.877440,-25.444504,641.405456,241.847619,27.974778,620.716063,223.236470,15.007464,713.109173,257.454563,57.184907,607.325504,187.424138,29.284617,715.366717,252.767267,89.180070,579.090435,153.255351,37.493006,723.712787,260.564677,134.946878,759.468661,214.832029,110.003199,718.475446,0.000000,0.000000,0.000000,0.000000,0.000000,0.000000,0.000000,0.000000,0.000000,0.000000,0.000000,0.000000
10,210.146917,-25.616100,641.794221,242.751485,27.738878,621.239374,223.889567,14.726505,713.683180,258.870215,56.587081,608.024505,187.836939,28.790904,715.286897,253.923723,88.370625,578.606381,153.632189,36.921638,724.534815,261.405985,134.282487,760.781353,216.072831,109.812801,719.354343,0.000000,0.000000,0.000000,0.000000,0.000000,0.000000,0.000000,0.000000,0.000000,0.000000,0.000000,0.000000
11,210.489369,-25.758807,642.238971,243.395526,27.491601,621.806406,224.354964,14.470431,714.043251,260.019609,55.977476,608.503704,187.997930,28.307653,715.135770,254.448672,87.495313,577.227026,153.903960,36.385079,724.855301,262.479497,133.326593,761.018674,216.665453,109.346336,719.914144,0.000000,0.000000,0.000000,0.000000,0.000000,0.000000,0.000000,0.000000,0.000000,0.000000,0.000000,0.000000
12,210.858138,-25.862571,642.716451,244.136187,27.257911,622.169291,225.015070,14.218333,714.296863,261.169427,55.495615,609.120651,188.421291,27.870404,715.260808,254.958000,86.669039,575.595985,154.331861,35.885271,726.809373,262.668583,132.513822,761.096342,217.213129,108.942743,720.373478,158.365875,147.392539,794.811848,0.000000,0.000000,0.000000,238.000296,160.625827,655.497173,0.000000,0.000000,0.000000
13,211.179612,-25.915593,643.276144,244.869041,27.023333,622.376777,225.507590,14.008623,714.360021,262.257093,55.067437,609.667868,188.865057,27.503518,715.197554,255.446916,85.816224,574.142835,154.882560,35.488246,727.038389,263.640138,131.892359,760.851558,218.434046,108.892388,722.954630,169.574689,138.531389,768.797050,0.000000,0.000000,0.000000,176.805496,122.774362,499.776189,0.000000,0.000000,0.000000
14,211.765906,-25.966537,643.975227,245.832833,26.791448,622.915004,226.216271,13.893816,714.514082,263.304390,54.649867,610.199979,189.308788,27.155949,715.252046,256.069500,84.960238,573.396916,155.553332,35.151284,727.060440,264.656448,131.196648,759.922946,219.339525,108.541355,723.189036,187.782028,139.584129,778.381937,0.000000,0.000000,0.000000,252.803449,166.775941,690.215201,0.000000,0.000000,0.000000
15,212.449634,-26.002602,644.964200,246.871469,26.571700,623.924477,226.951491,13.911207,715.254160,264.758320,54.247573,611.460037,189.896445,26.848140,716.525856,256.746350,84.124740,572.820740,156.277149,34.719091,728.731065,265.695832,130.675381,758.682647,220.712500,108.512731,724.885953,175.261485,135.460437,708.104272,0.000000,0.000000,0.000000,215.757278,141.711660,590.266265,0.000000,0.000000,0.000000
16,213.186146,-25.919768,646.418838,248.025901,26.374718,625.284002,227.742246,13.840032,715.800005,266.553956,53.888720,613.420316,190.717661,26.530141,716.729201,257.496856,83.169002,572.543415,157.198474,34.101916,729.146804,266.887085,130.120608,758.177317,222.108652,108.397175,725.508489,180.825271,126.490742,690.135326,0.000000,0.000000,0.000000,215.925523,140.020628,580.908855,0.000000,0.000000,0.000000
17,213.751964,-25.628229,647.315934,248.924192,26.184703,625.652135,228.416975,13.623072,716.031581,267.815306,53.579914,613.906112,191.083173,26.107130,716.902351,258.124124,81.850745,570.439465,157.846799,33.436190,729.441193,267.911678,129.390197,757.287376,223.201746,108.074763,725.499852,189.569777,124.828016,691.020297,0.000000,0.000000,0.000000,227.109063,146.044207,608.393937,0.000000,0.000000,0.000000
18,214.512381,-25.566764,648.240280,250.132406,25.990802,626.313155,229.298542,13.424948,716.572377,269.102386,53.331439,614.689912,191.795520,25.658896,717.848463,258.698247,80.584417,569.870013,158.731288,32.785919,730.373674,269.304231,128.802058,757.401207,223.996145,107.648046,725.818240,186.465993,121.934382,671.974848,0.000000,0.000000,0.000000,226.815788,145.242183,605.693251,0.000000,0.000000,0.000000
19,215.349914,-25.500279,649.720304,251.216098,25.798234,627.285908,229.818156,13.226876,716.697831,270.333779,53.074582,616.266377,192.480244,25.194333,718.010693,259.164234,79.231909,567.838474,159.407414,32.085102,730.519140,269.800408,127.981005,756.077715,224.751147,107.254776,726.423036,197.094630,125.000637,695.992658,0.000000,0.000000,0.000000,235.203769,149.207420,624.112430,0.000000,0.000000,0.000000
20,215.916012,-25.542491,651.163405,252.201428,25.631299,628.976436,230.439946,13.072003,717.861085,271.439235,52.808631,618.315204,193.249775,24.736003,718.462918,259.652112,78.112640,567.540713,160.358643,31.407726,731.478862,270.308889,127.368128,754.454442,226.214728,107.160761,727.831171,212.308009,128.958631,721.089251,0.000000,0.000000,0.000000,245.861067,155.039463,649.333931,0.000000,0.000000,0.000000
21,216.358490,-25.508118,651.862003,253.139665,25.551442,629.451604,231.014302,12.738912,718.447487,272.616266,52.608431,619.093462,194.075256,24.183981,719.216069,259.908034,76.939976,566.440819,161.137562,30.228222,732.335544,272.047634,126.693721,754.272840,227.734891,107.145809,729.704184,206.606483,127.371152,700.968337,0.000000,0.000000,0.000000,237.792736,150.259779,628.316222,0.000000,0.000000,0.000000
22,216.794456,-25.373881,652.247689,254.058434,25.457965,629.781862,231.592130,12.406699,718.746526,273.661441,52.478084,619.040421,194.857882,23.427780,720.536504,260.657294,75.565237,564.990753,161.934423,29.386143,734.023217,274.080212,125.917680,754.750151,229.330953,107.106687,732.447457,213.081260,127.899066,704.976343,0.000000,0.000000,0.000000,238.693472,151.205143,631.756080,0.000000,0.000000,0.000000
23,217.329643,-25.084639,652.976588,254.931133,25.348554,630.223287,232.375129,12.283508,719.343861,274.337181,52.415733,619.179857,195.557931,22.905529,721.826297,260.571414,74.377458,564.228338,162.779513,28.803710,736.052806,275.956000,125.134626,755.708129,231.010450,107.042642,735.026545,212.369675,126.544944,695.113607,0.000000,0.000000,0.000000,235.333122,148.690591,621.560921,0.000000,0.000000,0.000000
24,217.665819,-24.762302,653.228165,255.671301,25.328474,630.490286,232.941613,12.185655,719.409972,274.582741,52.656257,618.845681,195.988891,22.275080,722.432960,260.429085,73.163406,563.516832,163.367144,28.452172,737.521155,277.769108,124.314254,756.811074,232.770242,107.045954,737.843696,217.651294,125.804511,695.872094,0.000000,0.000000,0.000000,239.163545,150.341972,629.915945,0.000000,0.000000,0.000000
25,217.805159,-24.285290,652.909728,256.091449,25.364448,630.400666,233.511640,12.312812,719.532459,274.777174,52.818629,618.731106,196.542655,22.136756,723.604630,260.307311,71.953778,562.888511,163.954357,28.403863,739.016846,279.191815,123.505627,757.821306,234.143741,107.225797,740.217734,221.846034,125.061134,693.952460,0.000000,0.000000,0.000000,239.376310,149.630458,628.012723,0.000000,0.000000,0.000000
26,217.639203,-23.635592,652.080989,256.238497,25.627750,629.909349,233.825585,12.775072,718.855343,274.498845,52.770263,617.245092,196.978699,22.307362,723.668065,259.582990,71.068454,562.228040,164.551962,28.705170,738.410768,280.520603,122.712274,758.892946,235.720546,107.558723,740.924956,226.722609,124.103849,694.979054,274.238685,97.365345,804.941463,243.718611,151.800007,636.964384,0.000000,0.000000,0.000000
27,217.478861,-23.369268,651.594937,256.341509,26.050969,629.117880,234.109746,13.054960,718.592101,274.235175,52.936641,617.336770,197.396807,22.802349,723.369540,259.544022,70.367290,562.015622,165.122843,29.360664,737.448882,281.637534,122.233903,758.778766,236.300548,107.334143,739.469554,230.902850,123.343987,697.666213,334.816904,183.981647,812.403313,248.080037,154.441786,647.153848,0.000000,0.000000,0.000000
28,217.272306,-23.245289,650.983335,256.398504,26.047598,628.759771,234.431107,13.343371,717.776243,273.792710,53.092519,617.009667,197.800180,23.778179,722.729467,259.597014,69.517040,562.512812,165.694064,30.283940,738.045404,282.579735,121.508800,756.592551,236.837670,106.524195,736.351236,234.435304,122.544830,699.851177,363.674572,200.477935,872.015784,252.251985,156.609719,655.435206,0.000000,0.000000,0.000000
29,217.005810,-23.078308,650.941985,256.308754,26.071245,628.795082,234.669565,13.665090,717.206498,273.554692,53.032695,616.522123,198.168197,24.685931,722.304034,258.981314,68.421566,563.546020,166.225427,31.776163,737.745229,283.475026,120.390371,753.867381,237.265456,105.719746,732.876327,237.910323,121.857774,700.840427,359.360584,200.103650,942.467775,255.140870,158.254548,661.647105,0.000000,0.000000,0.000000
30,216.544944,-22.903586,651.181642,256.021746,25.975977,628.464047,234.896848,14.004625,716.543689,272.925970,52.825812,615.337087,198.466289,25.451782,721.581103,258.072885,67.322970,562.131653,167.119166,32.623223,738.045055,283.908798,119.685744,754.600638,238.074697,105.565297,734.070130,240.959116,121.217819,700.582467,339.369802,187.511594,906.098359,257.138115,159.466513,665.842953,0.000000,0.000000,0.000000
31,216.254854,-22.729445,650.989318,255.763945,25.881940,628.435012,234.878299,14.415022,716.402415,272.077032,52.808614,613.458186,198.543776,26.471100,721.683587,257.341650,66.399129,563.288336,167.995442,33.702958,738.096055,284.057785,118.908643,752.662084,238.033052,105.044049,732.239932,243.293577,120.625650,700.048227,310.938041,174.874779,845.670151,258.337197,160.219743,668.856425,0.000000,0.000000,0.000000
32,216.102379,-22.533959,651.364607,255.391922,25.772297,628.466591,234.232558,14.831246,715.426093,271.485431,53.087554,613.219636,198.213141,27.788901,721.606611,256.907798,65.607252,565.748164,168.776606,34.594632,738.175108,284.222707,118.123953,750.265073,237.860487,104.745572,729.339800,244.907747,120.206155,699.957615,296.193079,162.220579,822.337301,258.847977,160.671718,670.477794,0.000000,0.000000,0.000000
33,216.074735,-22.321830,651.388157,255.250582,25.595226,628.074750,233.431397,15.208308,713.794023,270.509174,53.213999,612.776659,197.149283,29.778547,721.284049,255.947394,64.625230,567.786782,169.567289,35.577376,738.162724,284.007468,117.587740,749.849866,237.215681,104.656828,727.732618,245.888275,119.765361,698.732570,280.928937,153.756092,809.388251,258.991644,160.787675,670.557690,0.000000,0.000000,0.000000
34,216.045072,-22.140809,651.297524,255.049751,25.427081,627.789753,232.865881,15.586284,712.832104,270.048365,53.515091,612.303420,194.892622,32.113471,721.832151,255.120218,63.713424,569.973334,170.399486,36.646676,738.394373,283.915443,117.009487,749.573605,235.848847,104.290682,725.203310,246.857157,119.407876,697.983964,270.011245,146.506617,802.451928,258.734136,160.683307,668.860623,0.000000,0.000000,0.000000
35,216.418692,-22.010035,651.563986,255.159742,25.250650,627.729276,232.342188,15.976633,711.536457,269.377917,53.711731,612.080052,193.951213,33.234745,721.037042,254.082179,62.842338,572.294475,171.203402,37.764152,739.112703,283.585113,116.187983,746.883181,236.679254,104.707280,725.962139,247.716860,119.155644,697.226751,259.149819,140.469530,788.346110,258.573844,160.478118,668.066220,0.000000,0.000000,0.000000
36,216.539390,-22.124361,652.262852,255.045470,25.069654,627.430282,231.916062,16.362296,710.577846,268.546080,53.866148,612.001874,193.287184,34.520130,720.085551,252.805273,61.946031,574.748757,171.936965,39.006175,738.950688,283.530219,115.409283,745.514991,237.926801,105.238623,727.577896,248.275715,118.927832,696.278661,254.453935,138.001872,784.122348,258.390191,160.440529,667.561749,0.000000,0.000000,0.000000
37,216.284123,-22.560313,652.025831,254.818179,24.878827,626.345705,231.398900,16.754688,709.222669,267.324779,54.022332,611.660168,192.980212,35.916086,718.830634,251.292510,61.115806,577.383811,172.584383,40.504894,738.872453,283.481775,114.511444,743.430168,239.111521,105.651972,728.827282,248.731797,118.737253,694.841435,249.758023,135.534232,779.898584,257.587662,160.096608,665.645541,0.000000,0.000000,0.000000
38,216.177567,-23.100520,652.301468,254.757787,24.718831,625.901887,231.088087,17.153536,708.140930,265.898015,54.096494,610.145479,192.816984,37.316203,718.184814,249.396677,60.141373,580.289845,173.116629,42.111932,738.948163,284.788270,113.729556,742.985446,240.797200,106.015590,730.081780,249.174039,118.586363,693.821805,245.062015,133.066805,775.674767,257.368839,160.113269,664.531279,0.000000,0.000000,0.000000
39,215.971042,-23.565823,652.068067,254.587069,24.516777,624.799760,230.797953,17.535984,706.919624,264.942387,54.159219,609.963119,192.547953,38.901190,716.957587,247.605005,59.103874,582.967550,174.125562,43.775478,739.270662,285.536194,112.857890,740.903861,241.334478,105.919652,728.358055,249.651006,118.497763,692.851321,240.366222,130.598893,771.451050,257.224395,160.231298,663.604137,0.000000,0.000000,0.000000
40,215.766034,-24.132553,651.387519,254.254692,24.266790,623.785713,230.634555,17.846892,706.449020,263.835811,54.176506,610.149064,192.642933,40.359814,716.593092,246.011235,57.987494,586.236594,174.287595,45.457903,739.538578,286.451285,112.238135,740.643841,242.229154,105.923497,727.147808,249.991518,118.351585,691.122779,235.670328,128.131130,767.227648,257.059290,160.474147,662.658060,0.000000,0.000000,0.000000
41,215.574059,-24.451617,651.960648,254.030201,23.946002,624.102411,230.667818,17.841781,705.796878,262.349546,54.123067,610.638210,192.964424,41.801895,715.993485,244.180389,56.633643,587.795119,174.372529,47.271329,739.587430,286.816192,111.301308,738.051123,241.896288,105.563078,723.957779,250.239901,118.176839,689.352456,230.974423,125.663465,763.003539,257.225122,160.752747,662.551748,0.000000,0.000000,0.000000
42,215.091444,-24.282500,651.868025,253.574798,23.212715,623.209580,230.530172,18.267379,704.817426,260.632254,53.883059,610.277254,192.827811,43.507174,715.142704,242.147612,55.059007,588.919741,175.722008,49.161853,740.237433,287.969735,110.372083,736.624725,243.281865,105.568494,724.988853,251.061037,118.171526,688.447030,226.278534,123.195699,758.779711,257.766469,161.307431,663.247187,0.000000,0.000000,0.000000
43,214.615346,-23.715150,652.691435,253.004895,22.835864,623.340841,229.948655,18.926645,704.062657,258.623913,53.407232,609.186609,192.538578,45.133264,713.917910,239.687433,54.060920,591.479342,175.537462,51.049166,740.116208,289.023830,109.392961,735.267560,243.979500,105.191687,723.120842,252.052845,118.276359,688.046003,221.582619,120.728079,754.556002,258.242548,161.782475,664.002129,0.000000,0.000000,0.000000
44,213.765959,-23.100175,652.864601,252.328516,22.769077,622.736383,229.171872,19.739741,702.892311,256.611706,53.042114,609.928694,193.006093,47.093191,713.430159,237.408775,53.729558,593.872057,174.992827,53.165811,740.274844,288.985103,108.367833,731.648978,244.927223,105.041350,723.299480,252.205347,117.953772,685.860981,216.886754,118.260518,750.331882,257.540111,161.496608,662.005244,0.000000,0.000000,0.000000
45,212.872608,-22.429846,653.345919,251.657400,23.036750,622.674140,228.743606,20.591691,702.377068,254.446096,53.249302,610.027491,193.304131,49.171184,713.084865,235.250082,53.467917,597.367043,174.188630,55.688925,741.018626,289.813692,107.748506,729.879202,245.757337,104.972251,721.814560,252.314237,117.952601,684.813372,212.190831,115.792705,746.108481,257.544272,161.647352,661.723175,0.000000,0.000000,0.000000
46,211.637408,-21.698780,654.716280,250.945873,23.299532,623.426084,228.363990,21.464828,702.649590,252.491110,53.713820,610.773107,193.874568,51.314967,713.753710,232.921263,53.313764,599.869411,173.083842,58.839858,740.504919,290.643433,107.356291,729.646465,246.839267,104.969294,720.907203,252.937139,117.982035,685.140311,207.494921,113.325044,741.884712,258.795454,162.426955,664.371335,0.000000,0.000000,0.000000
47,210.145758,-20.874617,655.540050,250.305455,23.528055,623.571768,227.900343,22.392657,702.917788,250.250292,54.131952,612.119186,194.035895,53.366530,713.853778,230.493049,53.271380,603.300868,171.629488,62.871884,738.369935,291.852693,107.127289,729.508112,248.353569,105.095095,721.692455,254.515126,118.006515,684.993075,202.799038,110.857360,737.660950,259.513271,163.003742,665.537772,0.000000,0.000000,0.000000
48,209.160276,-19.852062,656.487022,249.561217,23.814901,623.748261,227.425004,23.427355,703.374821,248.450644,54.607824,612.842343,194.267560,55.400466,713.951314,228.348533,53.179583,606.744145,169.994189,67.815072,740.769575,292.745002,106.646325,728.654743,249.206878,104.840110,720.151659,255.345964,117.923386,683.627048,202.245492,112.100432,740.037417,261.197485,164.238867,669.759631,0.000000,0.000000,0.000000
49,207.773605,-18.604884,656.834315,248.551021,23.850975,623.089943,226.794064,24.616771,702.622579,245.987096,55.153112,612.205563,194.328764,57.201720,713.609727,225.430243,53.222981,608.962965,167.382964,72.768820,742.162791,292.903531,106.022402,726.300524,249.892189,104.672932,718.610711,255.656142,117.698458,681.395017,199.570612,111.324143,738.853237,260.450750,163.966351,667.663514,0.000000,0.000000,0.000000
50,206.337059,-17.943879,657.373684,247.407614,23.959741,622.741560,226.106174,25.372608,701.584193,243.829141,55.712780,611.794051,194.432111,59.005605,713.231730,223.206184,53.800124,611.610298,163.738859,78.872532,738.377510,293.895423,105.773345,726.762170,251.370973,104.808373,720.542890,257.022075,117.801164,682.088791,196.896094,110.547928,737.669033,260.444276,164.144750,667.493027,186.460000,197.820000,718.444000
51,204.661411,-17.374517,657.607433,246.288099,23.948302,622.541537,225.033203,26.018367,700.382449,241.543905,56.281088,611.438606,193.412439,60.892122,712.023347,221.236297,54.172216,614.332461,159.386460,86.080224,742.875628,295.371940,105.387196,727.683716,252.943699,105.019513,721.938730,258.004943,118.196926,682.615912,194.221360,109.771705,736.484753,262.366716,165.516547,671.736108,179.237000,192.124000,694.340000
52,203.000383,-16.933420,658.103559,245.049595,23.935514,622.478846,224.244216,26.550540,699.437884,239.596893,56.942775,611.259340,193.105721,62.953748,710.870939,219.355292,54.436903,616.961654,152.145264,94.361256,739.144167,295.803300,104.676331,726.444050,253.203582,104.735693,719.531795,259.078011,118.060322,683.240100,191.546801,108.995497,735.300852,262.214929,165.740020,671.359722,182.848000,195.113000,712.076000
53,201.559314,-16.513677,658.680099,243.869457,24.001859,621.971868,223.194194,27.089354,698.190282,237.451877,57.653064,610.936023,192.789419,64.967793,710.214058,216.847884,54.754904,619.553447,146.520952,102.810927,736.511818,296.635987,104.028674,727.235777,254.034743,104.801632,719.964470,260.072976,118.076887,683.864907,188.872068,108.219283,734.116511,263.603887,166.843692,674.639175,0.000000,0.000000,0.000000
54,199.818657,-16.058153,658.667051,242.053571,23.894937,620.861847,221.972070,27.584539,696.624576,234.882784,57.986333,609.628376,191.811939,67.178267,708.878971,214.299711,54.906236,621.355560,141.861581,111.394231,742.195979,296.315360,103.341096,724.939420,254.160090,104.643635,717.898674,259.672303,117.840157,680.765541,186.197374,107.443060,732.932554,262.225301,166.348074,671.077798,201.410000,211.520000,772.013000
55,198.226479,-15.713495,658.976809,240.323152,23.811630,620.888582,220.874914,27.956608,696.827950,232.525603,58.232509,609.892154,191.424674,69.430974,709.202501,211.826052,54.924148,623.582524,134.368420,119.878223,743.174302,296.335208,102.872785,724.084724,254.081411,104.900604,717.409961,260.357319,118.125272,680.405414,183.522842,106.666847,731.748187,262.799495,166.995586,672.379177,0.000000,0.000000,0.000000
56,196.811360,-15.602344,659.897613,239.077217,23.630997,620.715974,219.913604,28.370725,697.444445,230.590324,58.150575,609.763623,191.136103,71.779300,709.501625,210.045179,54.625211,627.567169,125.716268,128.165932,731.466719,296.543435,102.277498,725.226393,253.788165,104.895396,717.961612,261.176673,118.281115,680.483169,180.848170,105.890632,730.564081,264.001913,168.123358,675.526837,0.000000,0.000000,0.000000
57,195.171037,-15.450117,660.183421,237.466401,23.434898,620.616281,218.821241,28.937463,697.368802,228.573821,57.902511,609.160850,189.717068,74.058947,708.510641,208.110860,54.049193,631.218331,114.413358,136.729302,727.714584,295.535187,101.573442,724.267929,253.859933,104.594502,718.040584,260.951684,118.512329,680.051618,178.173592,105.114471,729.379975,263.156958,168.003638,673.269773,0.000000,0.000000,0.000000
58,193.599225,-15.462850,660.880016,236.081655,23.027560,621.018850,218.108993,29.350847,698.440978,227.202467,57.455798,609.059179,188.273721,76.044527,708.938484,206.712684,53.556757,635.318989,103.200577,141.743752,714.242124,296.717179,100.915448,725.869161,253.978129,104.067653,717.455008,262.632910,119.217635,682.702394,175.498899,104.338184,728.195730,264.735547,169.210702,676.946090,0.000000,0.000000,0.000000
59,192.196902,-15.681726,661.639163,234.920416,22.516661,621.144485,217.086712,29.451868,698.818575,225.461927,56.488225,609.555556,186.839554,77.638572,709.080917,204.996507,52.717069,638.388369,86.702814,146.287581,697.995325,297.375610,99.933749,724.916733,253.246450,103.481515,717.722328,263.055808,119.373484,683.159445,172.824216,103.562010,727.011684,265.774279,169.983702,679.739719,0.000000,0.000000,0.000000
60,190.774645,-16.317943,662.487829,233.978886,21.714516,621.120209,215.878833,29.336681,698.915033,223.711369,55.333897,609.298233,185.576836,79.066799,708.546076,203.686158,52.250162,640.807294,67.839005,151.430144,672.539571,296.329479,99.072451,725.109741,252.149753,102.691367,716.858334,262.765492,119.345706,683.490759,174.107875,106.607539,725.293513,265.892705,170.156771,680.424882,0.000000,0.000000,0.000000
61,189.607907,-17.176777,663.692959,233.121952,20.755702,621.576529,214.872504,28.989752,699.075837,222.535472,54.746930,609.334412,184.707543,79.882567,708.219641,202.407746,51.797921,642.324027,56.569960,155.934501,651.106833,295.926514,98.077060,725.040951,251.142795,101.659016,714.609417,262.353956,119.409416,684.079081,190.597842,108.176417,726.169166,264.593790,169.883880,677.799424,0.000000,0.000000,0.000000
62,188.134355,-18.112845,664.620838,232.205853,19.697388,621.744007,214.032216,28.614441,698.384663,221.320300,53.622668,610.084249,184.045124,79.818203,707.401389,200.985161,50.629391,644.954620,48.899239,170.216376,673.642433,295.561900,96.871879,723.021173,250.187835,100.522023,712.152384,261.944025,119.322577,682.966766,206.755312,112.948477,730.786932,263.485442,169.486629,674.635727,0.000000,0.000000,0.000000
63,187.046680,-19.113138,665.141182,231.372974,18.537747,621.504433,213.400478,28.104071,697.941091,220.635514,52.441874,610.396663,183.917060,80.092075,706.758761,200.173505,49.448856,647.013026,0.000000,0.000000,0.000000,295.232946,95.854247,721.823918,249.636572,99.310634,710.625472,261.960018,119.976092,683.097073,210.392129,103.827630,738.229951,264.325875,170.359231,676.942578,0.000000,0.000000,0.000000
64,186.250282,-20.173906,665.794234,230.826146,17.233279,621.599105,212.846477,27.595434,697.898958,220.654909,51.172195,611.143538,184.257974,80.057717,706.605085,199.137087,48.018714,648.448909,0.000000,0.000000,0.000000,294.913471,94.809570,720.186483,249.074478,98.139187,708.218799,261.810754,120.255644,682.613136,206.244617,99.561745,727.282842,264.950537,171.102243,678.879700,211.991229,177.172618,732.543869
65,185.494413,-21.233117,666.251320,230.578222,15.784194,621.897658,212.440148,26.831868,697.810501,220.699653,50.086115,611.139374,184.548650,79.386867,706.498032,198.939860,46.550976,650.074099,0.000000,0.000000,0.000000,294.505343,93.511871,718.267720,248.630087,96.998256,706.325968,261.655141,120.388367,681.428311,201.826920,97.109090,716.116065,264.879656,171.356631,679.088061,200.912383,169.728015,697.531518
66,184.690362,-22.455460,666.466122,230.391228,14.263824,622.547307,212.107787,25.993827,697.724747,220.190807,48.540546,611.545631,185.271741,78.974041,706.369207,198.397684,44.885302,650.330069,0.000000,0.000000,0.000000,293.912662,92.152120,716.436857,248.318709,95.601149,703.994654,261.568365,120.412857,680.370557,197.757710,95.880893,698.544346,264.799926,171.772006,678.918172,196.899906,165.608961,684.444809
67,184.075731,-24.134007,666.793618,230.274742,12.558246,623.251157,211.982009,24.889187,698.137253,219.946328,46.847242,611.442378,185.611137,78.102182,706.424453,197.898798,43.033620,651.615298,0.000000,0.000000,0.000000,293.528834,91.323467,716.973017,248.659302,94.499635,703.353831,261.773769,120.345529,679.910027,194.951661,96.255399,693.638029,264.404141,171.825498,677.948684,192.165248,161.861087,671.325151
68,183.410970,-25.721325,667.142547,229.919694,10.783466,623.246058,211.866414,23.384940,698.554973,219.751722,45.022667,612.148346,186.055542,76.336907,706.852706,197.473252,40.895682,652.398802,0.000000,0.000000,0.000000,293.575608,90.328194,718.328844,248.773558,93.483398,704.429604,262.043384,120.494715,680.919373,196.842756,96.884206,702.492198,264.399586,171.952132,678.109887,198.052927,162.703515,679.476862
69,182.079662,-26.064689,667.675367,229.856737,8.999938,624.044533,211.650809,21.125422,698.929507,219.834151,43.198929,613.688993,186.324181,72.338470,707.087299,197.373128,38.432824,652.762155,0.000000,0.000000,0.000000,292.709933,89.118025,717.436266,248.764347,92.669406,703.847911,262.102029,120.409202,680.299152,198.343348,98.278240,704.335563,264.171030,171.912868,677.266401,195.702820,159.631215,672.810128
70,181.510441,-28.394412,667.671937,229.861358,7.003969,624.132236,211.647683,18.297902,699.421825,219.244821,41.199833,613.652626,186.492871,69.240807,708.012001,196.187715,35.769480,652.786851,0.000000,0.000000,0.000000,292.351043,88.070587,717.320937,248.040644,91.605475,702.167711,262.041290,120.211744,679.101288,198.669514,98.113790,701.635985,264.566508,172.167664,678.805887,198.040757,161.111548,679.655369
71,180.977163,-30.757620,668.610793,229.980093,4.728550,624.242511,211.854918,15.962943,700.545984,218.796193,38.961480,614.230941,186.909986,66.061083,708.980215,195.649817,32.721154,654.178774,0.000000,0.000000,0.000000,292.170669,87.142251,718.940270,246.903191,90.574865,701.280005,262.640754,120.583429,681.606741,199.695245,99.821650,702.115160,265.646270,173.045857,681.823144,199.412745,161.606517,683.130215
72,180.335487,-32.676288,668.721925,229.858080,2.518520,624.479252,211.668009,13.887687,701.001493,218.496287,37.010207,614.844026,187.085969,63.214738,709.067313,195.670414,29.540359,653.693430,0.000000,0.000000,0.000000,291.937343,85.995397,718.166709,246.195285,89.491350,700.997159,262.620067,120.752166,681.472203,202.306765,104.561974,717.166279,266.513416,173.739849,684.134953,203.654591,163.876133,692.400521
73,179.038359,-33.167271,668.983747,229.908410,0.747590,625.111564,211.320666,12.424683,700.167090,218.155278,34.607659,614.856458,187.107918,61.276216,708.438839,195.543455,26.234500,653.891936,0.000000,0.000000,0.000000,291.373274,84.892324,716.873713,246.413764,88.384714,701.322983,262.173300,120.889820,680.277662,208.114552,107.849306,726.521349,267.300567,174.329779,686.216787,203.507812,161.302931,687.646292
74,178.140763,-33.207559,668.774052,230.187654,-0.624217,624.985270,211.648043,11.909861,700.360104,217.844205,32.796541,613.705305,187.461959,59.656405,709.188794,195.360974,22.933405,652.853174,0.000000,0.000000,0.000000,290.987013,83.896386,717.697188,246.088543,87.145984,699.884360,262.219100,121.131204,680.554533,233.332799,104.078007,714.184852,267.633759,174.672152,687.507968,243.946834,147.477029,740.464144
75,177.500057,-33.569871,668.937049,230.760894,-1.320926,625.257914,211.610825,10.945621,701.337463,218.050643,31.654907,613.561096,188.007806,59.199114,710.532147,195.888593,20.759687,651.439910,0.000000,0.000000,0.000000,290.542992,82.951155,717.154855,245.464690,85.936590,699.093096,262.493826,121.426168,680.928685,228.816454,90.599590,706.646075,267.717619,174.873632,688.259458,240.810917,145.726840,731.557206
76,177.176235,-34.366325,669.311144,231.460930,-2.401723,626.732052,211.709347,9.752123,702.531723,218.735753,31.624208,614.545305,188.453837,57.509339,711.671663,196.779613,20.275431,651.149988,0.000000,0.000000,0.000000,290.125293,82.161271,717.809443,245.275198,84.829372,699.295735,262.860503,121.622371,682.866680,225.091371,87.864663,700.423029,267.637640,175.010071,688.530256,237.674562,143.976659,722.651422
77,177.166569,-35.701831,669.186187,231.940420,-3.643063,626.515455,211.358087,8.321513,701.840525,219.589399,30.685428,615.594469,188.623917,54.532859,711.441356,197.788840,19.131512,650.308021,0.000000,0.000000,0.000000,289.864500,81.387494,716.811719,244.993666,83.623424,699.786168,262.955673,121.462677,683.249923,224.438863,93.324662,700.322690,267.388403,175.043455,688.449325,234.538586,142.226481,713.745008
78,177.471610,-37.599788,669.376639,232.606876,-5.102516,627.087415,211.220242,6.466203,701.280320,220.146916,29.548088,615.013026,188.815913,51.555760,710.886748,198.732772,17.104304,649.239379,119.975498,-14.550601,700.398787,289.592432,80.808550,717.579619,244.726277,82.876961,701.066054,263.255420,121.347555,684.131334,223.144776,94.460342,699.024900,266.904875,174.892040,687.801599,231.402413,140.476300,704.838923
79,177.903569,-40.024085,669.400230,233.346423,-6.573447,628.212358,211.374599,4.545966,701.720529,221.031533,28.141860,614.681139,189.083020,48.598795,712.168373,199.739720,14.895088,648.157247,115.578146,-13.794050,684.578993,289.270476,80.309047,718.227738,243.015975,82.037481,699.159181,263.903393,121.851045,686.693990,223.295923,96.967549,697.808641,266.323374,174.735710,686.807276,227.807418,137.907209,697.212158
80,178.542249,-42.838963,669.128802,233.865792,-8.089958,628.043928,211.565141,2.607758,701.161204,222.044870,26.601406,614.888048,189.029186,45.573419,712.961367,200.854915,12.532461,647.355771,101.909605,-13.655804,620.512091,288.455980,79.917823,718.897508,242.283860,81.284883,699.229342,263.843107,122.240241,687.521184,222.715915,95.962410,696.746406,265.628903,174.446420,685.687895,218.472921,131.027924,668.346469
81,179.400178,-45.912517,668.982088,234.424055,-9.640293,628.286115,211.444645,0.630284,699.798669,222.742733,25.039379,614.616500,189.116991,42.361305,712.021908,201.866312,10.142165,646.132486,122.459380,-13.412355,694.849392,287.302189,79.319312,717.257872,241.469799,80.363414,697.734210,262.420337,122.247319,685.571061,221.830219,95.988282,696.389508,265.119934,174.394660,684.940687,214.785309,128.403383,656.344472
82,180.340485,-49.192052,668.641693,235.089350,-11.205160,628.545216,211.827883,-1.335597,700.245767,223.636117,23.514394,614.658274,189.438592,38.497413,711.941426,202.787669,7.647960,644.641074,134.104796,-16.164125,713.421229,286.313971,78.808781,715.982672,239.858227,79.559466,694.848901,261.723072,122.342867,684.449036,221.087471,95.730728,694.104396,264.789446,174.241732,684.726120,211.695226,126.588569,646.995349
83,181.472985,-52.677387,668.077139,235.865375,-12.668979,628.967568,212.430075,-3.267593,701.203364,224.486726,22.040533,614.224493,189.538190,35.169265,712.279636,203.787240,5.112887,643.052067,138.183547,-18.021388,710.419471,285.072173,78.440179,715.959137,238.508108,78.787437,692.990273,261.383780,122.885725,685.063011,220.189267,96.602676,692.882263,263.423457,173.443397,681.982095,208.185070,124.751102,635.853532
84,182.849427,-56.341962,667.590984,236.744875,-14.189155,628.544324,212.597736,-5.103620,699.710377,225.247815,20.641529,613.058432,189.686334,31.797689,711.444990,204.843704,2.734368,640.727408,142.844980,-19.981158,716.944485,283.946682,77.861408,716.500956,237.263792,77.970514,692.374640,260.764259,123.308907,685.148277,219.057633,97.208979,690.919711,261.709308,172.439209,678.176314,206.438148,124.468006,631.115276
85,184.487337,-60.259470,667.437523,237.672167,-15.495993,628.363115,212.886309,-7.055845,698.067735,226.135632,19.392514,611.800948,189.709604,28.800668,710.628378,206.414989,0.646313,639.454602,146.883156,-31.139043,719.127197,282.855714,77.318150,717.926980,236.004873,77.096219,691.489093,260.338626,123.585067,686.222656,217.789742,97.645950,688.839736,259.700530,171.258232,673.762418,204.333832,123.760583,625.365474
86,186.437140,-64.457927,667.165981,238.603205,-16.602910,628.073371,213.253821,-9.042735,696.865770,227.166238,18.798212,610.528673,189.873762,25.815716,709.851143,207.709112,-1.124606,637.428859,149.631182,-40.364777,724.910729,281.551895,76.928269,716.991162,233.814678,76.255635,688.000059,259.033426,123.765122,684.192990,216.437699,97.919135,686.377546,258.683112,174.760326,677.452314,202.434548,123.218070,620.521726
87,188.979311,-65.858174,664.609896,239.523568,-17.501495,627.753260,213.926526,-10.989981,696.513549,228.592518,18.555832,610.138845,190.176314,22.840163,710.104888,209.764946,-2.718291,635.046957,149.250765,-49.817238,730.242082,280.248348,76.860224,716.655228,232.354107,75.481058,687.197305,258.187349,123.699289,683.836901,210.395850,96.106302,676.308906,253.831105,172.900608,666.805454,199.888258,123.175488,616.564928
88,189.461145,-65.558389,661.959515,240.399948,-17.884722,627.963143,214.528571,-12.605394,695.968878,229.995739,18.377568,609.808205,190.697767,20.286743,709.981882,211.703405,-3.841871,633.333053,148.842407,-50.664056,732.094612,279.132927,77.072403,716.170139,231.049519,74.836447,685.343180,257.610536,124.193696,683.799059,209.425114,96.876528,675.383268,256.720567,175.294037,674.888255,198.282065,123.321598,612.401770
89,189.840493,-50.772697,659.680881,241.272720,-18.176084,628.078279,215.041908,-13.977704,696.123772,231.995044,18.110449,610.889290,191.255420,17.894663,710.473749,214.058637,-4.670994,632.002087,148.969708,-49.985174,732.197809,277.603139,77.219044,716.108115,229.480261,74.107239,683.313966,256.917419,124.670694,683.138394,208.374574,97.776825,673.590583,259.612918,178.452201,686.565663,196.964756,123.852493,611.866777
90,190.486989,-43.205628,660.015817,241.958832,-18.491179,628.171033,216.149168,-15.162353,696.867405,233.910215,17.818578,611.733988,192.384901,16.112797,711.831046,215.792846,-3.417724,630.010808,149.390846,-48.830724,729.878961,276.144011,77.607580,715.330819,227.934485,73.331678,680.895293,256.604527,125.135976,683.600402,207.522434,98.912605,672.189320,262.806864,182.079717,696.997363,196.713166,124.510835,610.125278
91,190.872338,-40.692971,659.375540,242.862386,-18.653558,628.745200,217.153882,-16.268050,697.613829,235.983514,17.577936,612.811485,193.160180,13.899269,712.487058,218.361762,0.333968,629.113302,150.369534,-47.996470,729.254638,274.827956,77.825844,715.790507,226.602089,72.718178,681.283961,256.094745,125.631154,684.191151,206.384334,100.533429,668.753477,265.057935,185.156450,704.326388,195.945290,125.606205,612.581313
92,191.580022,-37.985393,659.510469,243.765608,-18.668174,629.375956,218.135518,-17.088445,696.762710,237.795662,17.310859,613.180016,193.747113,11.732849,712.402362,221.127885,3.702553,627.602457,151.420636,-46.501551,729.898140,273.315519,78.080296,716.307168,225.358676,72.045126,679.716404,255.795555,126.269434,684.165192,205.591447,101.691048,667.890228,263.488692,184.632004,700.281976,195.183996,126.608514,611.471965
93,192.594692,-35.403223,658.171205,244.781383,-18.364625,629.268796,219.252098,-17.743404,696.048583,239.498947,17.333614,613.963430,194.796039,11.242386,711.215423,223.574967,5.162180,627.507386,152.767807,-44.775568,729.012880,272.862810,78.725807,717.100402,224.171441,71.608759,678.411854,255.909836,127.385887,684.910520,205.181841,102.630985,666.400851,267.041355,188.711494,711.810623,194.895309,127.949901,612.982260
94,194.712061,-32.177067,658.222526,245.735439,-17.971625,628.828450,220.259073,-18.923781,695.585517,240.535027,17.567019,612.877323,195.711311,9.703654,711.414752,224.957529,7.493082,625.737992,154.669148,-42.198816,727.990951,271.874037,79.486254,716.424218,223.548582,71.553851,677.255285,255.506367,128.199167,683.032456,204.747344,103.865694,664.542948,267.048252,189.633143,712.239045,195.121311,129.162761,615.852114
95,197.022244,-28.590493,659.203738,247.382569,-17.431427,629.492802,221.486845,-19.748307,696.150106,242.115659,18.349783,613.666359,197.082414,7.639938,712.678861,226.949667,10.858697,625.618733,156.729263,-38.910576,727.191262,271.398936,80.505852,716.697399,223.489901,71.896186,678.583923,254.578825,128.854950,681.279226,204.312843,105.100411,662.685328,265.356217,189.503461,709.676508,194.753996,130.199289,616.422392
96,199.466575,-24.964340,660.036784,248.700147,-15.983655,630.232808,222.827199,-19.457632,696.660185,243.475522,19.860845,614.250117,198.687947,6.519676,714.316737,228.382303,14.246348,624.821521,159.700293,-32.440014,726.945290,271.687941,81.766853,716.832057,223.868467,72.623225,680.729236,253.817969,129.588651,680.151534,203.878332,106.335100,660.827437,265.696291,190.315702,711.951818,194.386677,131.235785,616.992855
97,202.180361,-20.193335,660.788046,250.338392,-13.630051,630.644601,224.241931,-18.091461,697.159675,245.272796,22.301891,615.330707,200.322969,7.115076,715.572395,229.835364,17.229377,624.752024,162.671330,-25.969439,726.699125,273.345552,84.160136,717.448826,225.019732,74.113547,683.942998,253.142653,130.410291,678.867136,203.443848,107.569867,658.969752,263.881636,190.406813,709.237886,194.019376,132.272289,617.563187
98,204.068784,-14.326225,662.836136,251.847166,-10.547781,631.484528,225.892157,-15.404548,697.852164,246.731308,25.551668,615.477166,202.268536,9.174944,717.343892,231.622182,20.216164,625.299693,165.642374,-19.498917,726.453001,276.160852,86.604246,719.309765,226.659746,76.151673,686.080421,252.706205,131.357291,678.712792,203.009290,108.804591,657.112065,263.552307,191.091720,710.053663,193.652061,133.308798,618.133590
99,205.691771,-10.733358,666.252180,253.022072,-6.251518,632.554060,228.048603,-11.096494,699.265826,247.659131,30.312906,616.109603,204.719083,12.376729,718.112463,232.781218,22.987335,625.627245,168.613341,-13.028329,726.206869,278.469616,90.280827,719.371400,228.876482,78.910721,686.724337,252.196232,132.289973,677.585603,202.574772,110.039316,655.254257,262.005043,191.081913,708.907719,193.284751,134.345314,618.703940
100,206.855650,-7.431691,664.244713,253.917103,-0.904687,631.784489,229.264776,-4.189984,699.358673,248.396670,33.470380,616.037176,206.062593,17.158593,717.573762,233.608727,26.204657,624.565193,171.584429,-6.558614,725.960742,281.032914,95.508898,719.105717,230.728413,82.502873,685.472566,251.826751,133.246936,677.010522,202.140326,111.274018,653.396562,264.188829,193.516753,717.053275,192.917439,135.381812,619.274368
101,207.914552,-4.181855,662.752833,254.560069,2.461168,631.349098,230.345860,1.527851,700.438768,248.753357,36.735982,615.559931,207.674772,23.897149,717.473074,234.395362,30.033377,624.606430,174.555458,-0.087263,725.714613,281.982899,98.931282,718.752089,232.711898,89.597593,685.221311,251.537676,134.318042,676.751699,201.705815,112.508763,651.538804,264.480741,194.804297,718.302528,192.550126,136.418326,619.844597
102,209.268986,-1.075651,662.251361,254.946584,5.721024,631.141272,231.014989,4.986287,700.224617,249.118865,39.960039,616.445617,208.625503,27.421988,717.692905,235.400072,33.978448,625.380216,177.526494,6.383291,725.468474,282.549063,101.433719,717.036220,234.393049,93.088244,684.085143,251.375179,135.502508,676.148336,201.110065,113.620523,648.577798,262.721845,194.534422,716.325962,191.635004,137.087380,617.689981
103,210.761523,1.957300,664.062850,254.885127,9.313896,631.970755,231.885784,8.769781,700.753891,249.219667,43.194232,615.972215,209.835674,31.153871,717.187787,235.923834,38.918527,625.353284,180.497516,12.853839,725.222369,284.014080,104.246610,717.029931,235.900110,96.144519,685.513955,251.304204,136.787030,676.039497,200.765049,115.084429,646.803144,264.716297,197.917981,723.680939,191.346663,137.938614,617.660950
104,212.285436,4.600726,664.240976,254.489636,13.108967,631.253350,232.643851,12.538143,700.792116,249.341874,46.806218,617.582520,210.877932,34.927953,716.725264,236.556819,44.133469,626.464138,183.468567,19.324293,724.976226,284.636548,106.644993,717.269243,236.897535,98.813516,686.091229,251.328472,138.131416,675.948470,200.394673,116.344612,645.858819,268.974005,203.161384,738.114484,191.481449,139.206192,620.027392
105,214.230158,7.000564,664.191462,254.352535,17.038912,631.202084,233.302426,16.383139,700.100937,249.063267,50.493325,617.305327,211.919976,38.994251,715.558814,236.760451,49.904755,627.065476,186.439593,25.794942,724.730032,284.936979,108.953454,716.764895,237.376412,101.162623,685.762191,251.231986,139.578106,675.133945,199.824973,117.739600,644.154388,264.986182,200.843863,728.263671,191.498471,140.802367,622.645439
106,216.486029,8.939006,663.673223,254.025494,20.899732,630.493623,233.920951,20.485437,699.005770,248.986480,54.797458,618.373204,213.028790,43.176778,714.172519,236.922803,56.137525,626.806594,186.712359,34.796389,723.435396,285.017694,111.258075,714.955985,238.057731,103.245103,685.648750,252.119701,140.194994,669.563686,198.947050,119.035692,641.557612,260.183678,198.070313,716.236684,191.126380,142.269571,624.438621
107,217.990194,10.261088,662.957767,253.778255,24.842605,631.077286,234.708867,24.706563,698.664373,248.693478,58.971050,618.471054,215.296943,47.900562,714.178929,236.641162,62.548125,626.563767,189.320416,43.183094,724.592419,285.922574,113.973252,715.160113,238.947039,105.826254,684.778851,252.043595,141.505106,668.501193,198.458509,120.302905,639.240397,260.937327,199.704453,721.916960,191.540102,143.930603,627.077063
108,217.654225,15.122683,663.374799,253.398985,28.759100,630.731956,235.967039,28.869696,699.565097,248.598571,63.282530,618.890516,217.972709,52.572579,716.231841,236.451148,68.949440,626.739380,191.290408,50.657299,728.541146,286.991274,116.677153,715.613318,239.955339,108.235324,684.655145,252.023369,143.012839,666.241708,197.913334,122.164314,636.679230,266.757345,206.548396,740.881569,191.821210,145.915730,630.926852
109,218.540040,17.829942,663.552967,253.590013,32.644848,631.216799,236.824295,32.765027,700.059335,249.396614,67.597991,620.726287,219.577720,57.245804,717.256092,236.683386,75.202817,628.550003,193.914872,58.118233,733.505740,288.480670,119.157927,716.763355,241.812211,110.794824,686.983695,251.969605,144.269386,664.317156,196.877263,123.484082,632.980256,264.369481,205.574513,733.592582,193.548849,148.686257,638.151967
110,218.988950,21.292709,659.216436,252.797006,36.663112,629.825694,237.404234,36.508249,699.758551,248.763511,71.861717,620.136747,220.816250,61.872621,718.156356,235.649499,81.585711,628.203750,195.636855,64.875205,737.326951,288.929786,121.405386,715.690391,243.181047,112.782848,687.983198,252.086042,146.090110,663.094965,194.025874,125.558257,627.540867,266.095898,208.756600,741.488346,196.393657,152.400943,649.288736
111,217.181366,26.284936,653.014205,252.600926,40.650330,629.056782,238.531771,40.294131,701.278217,248.711299,76.031048,620.256669,222.442337,66.383729,720.338564,235.224454,87.843970,627.940747,197.308014,71.280829,739.127617,290.025020,123.970490,716.279092,244.115990,114.868347,687.795773,252.312628,148.028982,662.685179,192.784215,128.939044,621.257408,269.729724,213.824466,753.196734,199.575125,158.013613,665.819174
112,216.873063,33.800656,654.706991,251.767873,44.605412,627.839764,239.478723,44.153660,701.846186,248.364997,80.060868,619.423472,223.838511,70.931896,722.282914,234.444772,94.300740,627.594073,199.215527,76.279784,741.277659,290.969530,126.354081,716.153665,244.399729,116.880880,685.310270,252.510146,150.071103,659.582246,191.593841,130.543005,617.080350,270.865840,216.008450,758.473468,200.973865,161.060228,673.633650
113,216.646176,40.939871,656.145709,251.410574,48.554410,627.485147,240.332792,47.900359,702.417187,248.362733,83.945900,620.384825,225.203939,75.485456,721.564672,234.134658,100.691231,628.066182,201.034093,81.473413,740.444668,291.912924,128.849709,716.505303,245.025173,118.921666,683.799147,252.719600,152.042131,657.009198,193.941575,133.666588,617.364230,275.124763,222.287354,774.224458,202.374043,164.106851,681.448674
114,216.446035,47.401998,657.259067,250.888656,52.569054,626.550385,240.815208,51.985163,702.056271,248.028921,87.697344,619.657889,226.429032,80.084003,720.717269,233.753403,106.803880,627.535808,202.593950,86.735237,739.446039,292.690054,131.378260,715.745304,245.840858,121.004776,682.488458,256.923049,154.839113,669.456418,208.187400,127.700468,643.637120,275.215072,223.193463,776.823274,206.057515,158.902663,672.375762
115,216.253936,52.974192,657.973631,249.991699,56.618631,625.282000,241.305811,56.023348,701.702511,247.646536,91.694679,618.802010,227.637131,84.553233,719.232443,233.224360,112.190297,626.498902,203.751746,91.996432,736.887903,293.491103,134.124936,714.929108,246.339676,123.176722,680.031203,256.719391,155.397600,671.091216,209.697514,127.609344,646.874653,275.016976,223.615748,776.513576,203.886063,158.196509,665.243751
116,216.097584,58.695082,658.450842,249.556429,60.547828,624.881030,242.193315,59.896314,702.807057,247.281766,95.616273,618.272497,228.830255,89.143725,718.851003,233.279061,117.654659,627.722816,204.393072,96.813419,734.390253,294.143496,136.966031,714.004770,246.943836,125.432645,678.661204,257.767753,155.996285,677.550934,211.077792,128.856946,649.947340,273.927201,224.035749,776.383035,206.680712,160.418236,676.772829
117,215.942067,63.437478,658.910254,248.996705,64.573004,624.054708,243.025870,63.956858,703.349328,247.047959,99.750003,618.421580,229.681881,93.801934,718.238602,233.488013,124.526771,628.417335,205.247997,100.344150,732.228895,294.610564,139.920995,712.362232,247.445055,127.994619,677.107201,256.931611,155.679196,670.811768,210.628117,129.554458,646.431245,272.104272,223.884934,773.735266,204.262941,159.928122,671.354339
118,215.918784,67.292068,659.047979,248.602452,68.624872,623.529740,243.683569,68.193120,703.375174,247.106349,103.484682,618.770730,230.143053,98.094618,715.804030,234.399818,131.619187,628.557219,205.539711,103.776497,729.116456,295.092907,142.602072,711.136638,249.277679,130.729271,678.601994,257.476932,156.436716,674.615118,212.557492,130.828143,652.041168,271.735057,224.555684,775.364879,208.718283,161.672162,682.280716
119,215.914775,71.484116,659.201784,248.196606,72.605319,622.784570,244.312979,72.467013,703.176123,246.835837,106.823587,618.227338,230.175620,102.593293,712.530659,234.608868,137.990269,628.798455,206.066971,108.236313,726.103028,296.535476,145.105020,711.291499,250.514217,133.356335,677.910991,256.990876,156.794452,671.082860,212.628564,130.965051,648.674874,270.777541,224.654007,775.044675,210.460467,162.557628,685.383505
120,215.793835,74.641261,659.328642,247.812679,76.432473,622.166735,245.110735,76.683379,703.873807,246.818943,110.432054,618.163163,230.918504,106.889979,710.857692,234.456363,143.150978,629.527233,207.107410,113.275539,724.981339,298.223155,147.704790,711.693193,252.010286,136.012101,677.340510,258.546236,158.151973,675.139191,211.819384,131.348601,644.681783,269.624452,224.544815,774.004931,208.896607,162.830828,684.840572
121,215.677792,76.933514,659.284695,247.283850,79.928449,621.281053,246.044398,80.866460,704.191629,246.746418,113.973384,618.243238,231.425894,111.175814,709.157463,234.320648,147.970128,630.887914,208.420502,118.241300,723.659345,300.083628,150.143632,712.330376,253.882051,138.685351,678.348759,258.086238,158.554122,672.831246,211.442966,132.104548,643.307122,268.132452,224.057496,771.842865,207.149857,161.914951,682.463170
122,215.513688,79.600459,659.129231,246.721646,84.229427,620.071328,246.892628,84.871342,703.671539,246.170226,117.725218,617.426042,232.576257,115.274278,707.593134,233.864705,153.750602,631.693998,210.446583,122.908977,724.091596,302.086272,152.898249,712.885586,256.431549,141.152505,679.161011,259.433647,159.291041,674.573951,210.420798,134.237075,639.832670,266.213002,223.210002,768.763590,204.497422,161.630715,679.200124
123,215.403964,81.750163,658.812832,246.523493,90.448765,620.154299,247.561144,91.443707,704.865369,245.758219,124.393298,618.351774,233.756937,119.916559,708.556126,233.307118,160.890492,632.736269,212.253531,127.719883,723.786348,305.103297,156.988771,712.019324,261.579333,144.890458,679.662409,260.260255,160.238649,672.965990,212.441515,137.123455,643.877220,265.724953,223.155919,769.211708,207.555413,164.262192,689.732964
124,215.478971,82.952540,658.482032,246.215999,97.915832,619.460400,248.421458,99.978683,705.718121,245.297211,130.941038,619.554926,234.968298,126.660964,706.986815,232.701915,166.740267,635.106580,213.622767,132.069546,722.660639,306.727485,162.303227,710.680772,264.004379,153.720000,680.436390,261.599776,161.439183,673.234799,213.135785,139.493910,642.158864,263.997390,222.335362,765.746619,206.491803,164.684534,688.205755
125,215.565853,83.814564,658.746364,246.152537,104.266031,619.975095,249.036904,108.603946,706.038486,244.758977,135.433121,620.847563,236.014677,135.495482,706.265957,232.100203,170.521979,637.476400,214.937118,137.320528,723.252600,307.905885,166.603696,711.523723,265.555054,160.568654,682.508988,263.980689,163.043064,675.283583,215.750817,142.722470,646.447455,266.548855,225.004498,775.695626,208.656958,167.002205,695.938600
126,215.290808,87.905335,659.241393,245.740716,107.701708,619.426132,249.391434,113.433685,705.675286,243.699887,138.085154,619.807207,236.718813,142.753241,705.803589,230.657560,173.115199,637.165856,216.198015,143.766836,723.070002,308.402821,168.568468,711.129992,266.960356,161.458319,685.084215,265.359703,165.442176,676.684663,217.325945,144.610784,647.555821,267.816566,226.631709,780.275638,210.254935,169.080815,703.433105
127,215.589893,88.792406,660.342824,245.599713,108.779547,620.058776,249.670353,114.582182,706.838032,242.454982,139.948672,619.459963,237.098295,145.281029,705.966957,229.575184,174.838610,637.232374,218.472972,150.675979,724.128114,308.925838,169.376480,711.825764,267.673301,161.699071,687.018464,267.378039,167.373437,679.719411,219.250135,144.315691,649.798758,269.680502,229.025074,787.074508,210.579437,169.937717,705.410503
128,215.990266,89.007863,660.936088,245.430062,109.172659,620.306191,249.950092,114.870538,707.689241,241.468336,140.967138,619.115223,237.333526,146.019239,707.108562,228.014850,175.583164,637.694639,219.898901,158.853155,725.495452,309.568854,169.960948,712.446291,268.193510,161.832031,688.012679,268.940040,170.718620,680.082503,221.395002,142.404779,649.938545,269.967766,230.410806,789.009911,210.810666,168.598132,700.170103
129,216.166807,88.911275,660.982676,245.100125,109.293574,619.986531,250.232501,114.951203,708.018799,240.715773,141.583252,620.265874,237.401996,146.452734,707.343481,227.310081,176.007485,638.852064,221.136839,172.201474,723.508829,309.901899,170.409585,711.690451,268.588021,161.839623,688.378509,270.280751,172.506433,682.501784,225.235009,138.290223,653.340192,270.171029,231.563656,791.126807,214.337961,172.074065,711.475845
130,216.524531,88.425937,660.963632,244.302065,109.287262,619.217267,250.283324,114.915978,707.892822,239.607591,141.552902,619.126815,237.361984,146.677513,708.053989,225.637577,176.109039,638.753312,221.538300,175.386074,724.130759,309.721867,170.707011,708.456314,268.821390,161.783972,685.610973,267.878558,174.221623,673.570933,223.586995,135.319019,650.768535,267.999538,230.812711,787.458499,211.062634,169.678333,702.022197
131,216.591201,87.789528,660.898098,243.769434,109.323262,619.321671,250.305771,114.745167,708.061687,238.737600,141.518041,619.024868,237.397629,146.925650,708.884456,223.840098,175.894658,637.733739,222.006630,176.681988,726.867541,309.773880,170.888452,708.653480,269.040938,161.743957,686.339508,270.958157,175.816851,682.163811,227.230828,135.863149,652.471911,270.293665,233.641813,795.645469,210.747664,170.062381,699.660500
132,216.999948,87.157923,660.758233,243.746229,109.247030,618.967310,250.330652,114.483220,708.174341,237.860924,141.351216,619.143141,237.447981,146.964769,709.732275,222.097693,175.836672,637.180559,222.674771,178.306351,730.387777,309.595431,170.996353,707.646454,269.093082,161.449799,686.325041,267.593920,177.073383,671.748854,225.719081,145.696034,648.007769,269.903828,239.264265,797.918074,192.886412,155.663262,624.950135
133,216.643177,86.527117,660.621076,242.626287,109.053329,618.450609,249.476959,114.093384,707.733385,237.121563,140.982869,618.585656,236.451394,146.616756,708.117859,221.269351,175.766338,637.632950,223.422254,180.930370,734.279728,309.120656,170.087330,706.495011,267.629827,160.638237,683.947244,268.368803,175.195219,670.751340,226.189108,145.002319,648.665704,272.445897,244.892163,814.520973,220.553013,181.819740,727.368751
134,216.567374,85.963229,659.495267,241.983905,108.901316,617.210699,248.646045,113.850678,706.324673,235.852262,140.597527,618.139148,236.157983,146.425043,707.006704,219.714254,175.359449,637.615976,223.421709,181.801911,735.737738,307.527147,169.121547,703.988309,266.777534,159.980866,682.224833,269.072490,175.449292,673.229435,227.464139,145.108029,652.883633,270.515169,242.785527,810.377811,220.646398,181.461263,729.107766
135,216.493209,85.299049,658.182415,241.472152,108.340103,616.139018,248.032222,113.412441,705.011567,234.677682,139.981461,616.971780,235.301996,146.084197,706.223131,218.338454,174.704320,636.906194,222.416570,180.681168,733.761906,305.944471,168.233783,701.786821,265.695778,159.186123,679.924886,269.079574,174.816621,672.484233,228.598620,144.730012,655.023057,268.753296,240.870268,806.594610,220.739584,181.102899,730.846374
136,216.414262,84.566552,656.879098,241.059041,108.054460,614.824348,247.589150,113.044456,703.868631,233.596362,139.176857,614.979516,234.124767,145.800043,703.754062,217.237581,173.727910,634.912458,221.722864,179.485052,732.220008,304.657252,167.430432,699.851970,264.741317,158.383338,677.619319,269.038232,174.119684,671.953389,229.459580,144.354476,657.285954,267.074732,239.119841,803.430322,220.833123,180.744251,732.585726
137,216.385007,83.657018,655.437437,240.734095,107.777057,613.598255,247.243459,112.754830,702.730852,232.496103,138.619932,612.763075,233.287708,145.502168,702.297583,216.181762,173.056465,633.121211,221.327579,178.252772,730.934220,303.519597,167.297316,698.133047,263.854484,157.598344,675.719814,268.912342,173.405001,671.684741,230.088753,144.069457,659.213628,265.418600,237.507439,800.741711,220.926500,180.386386,734.324721
138,216.412674,82.700464,654.364680,240.427894,107.439125,612.596696,246.949122,112.422062,701.768989,231.503918,138.070785,611.663216,232.725036,144.988120,701.652485,215.206714,172.381959,631.321960,221.194476,177.022088,729.513799,302.336248,167.111648,696.385197,263.033412,156.767418,673.960304,268.754605,172.718221,671.392316,230.586700,143.740448,660.824937,264.061999,235.958891,798.209236,221.019865,180.028117,736.063538
139,216.458128,82.082785,654.332696,240.115166,107.098439,612.382177,246.660336,112.131702,701.687342,231.121226,137.454843,610.751173,232.572257,144.707140,701.810987,214.351705,171.690527,630.830441,220.911695,175.813924,727.746479,301.037071,166.767445,694.725104,262.637211,156.238221,673.466439,268.549599,172.070872,671.356548,230.918540,143.426589,662.212766,262.966352,234.475730,795.818341,221.113245,179.669806,737.802726
140,216.522741,81.463276,653.538813,239.776868,106.729034,611.683213,246.420080,111.813723,701.024961,230.701851,136.790717,609.734419,232.474248,144.397790,701.891086,213.515198,170.930015,629.228018,220.511970,174.624923,726.258172,300.483337,166.691721,694.438600,261.888778,155.720996,672.138504,268.292488,171.459447,671.309427,231.076624,142.958493,663.464870,262.019805,233.125205,793.927788,221.206607,179.311528,739.542006
141,216.554474,80.789359,653.566353,239.477983,106.362458,611.215177,246.404340,111.483254,701.135140,229.797330,136.168578,607.874138,232.269072,144.029936,701.733952,212.782990,169.930880,627.365771,220.272732,173.476576,725.392441,300.349053,166.653344,694.605100,261.167040,155.261763,671.007587,268.063773,170.883081,671.281138,231.157030,142.488008,664.594807,261.026606,231.890187,792.315032,221.299982,178.953256,741.280717
142,216.578197,80.028870,652.611270,239.129444,105.931573,610.029380,246.326640,110.886493,700.537542,229.456998,135.576335,606.926488,231.706176,143.195407,701.759227,212.301971,169.319390,626.781081,220.180379,172.374369,725.017874,299.253452,166.505076,692.491016,260.459585,154.770533,669.693503,267.849743,170.357738,671.225600,231.168836,142.152243,665.718358,257.957376,228.865599,784.869122,221.393350,178.594971,743.019731
143,216.964912,79.265194,652.411094,239.272770,105.574921,609.868795,246.417107,110.583893,700.677546,228.807824,135.006200,605.373305,231.324984,142.725366,702.639153,211.952657,168.680206,625.737624,220.199849,171.319791,724.961772,298.970635,166.293701,692.606125,259.996917,154.379013,669.012648,267.688759,169.872944,671.153685,231.202324,141.917231,666.979282,256.062148,226.023658,778.610631,221.486437,178.236601,744.758843
144,217.287512,78.330685,651.841268,239.265809,105.081068,608.713606,246.402158,110.292332,700.569679,228.544382,134.444009,604.620312,230.643580,141.945089,701.698435,211.328459,167.684510,623.597404,220.309457,170.309651,725.144371,298.959295,166.020671,692.638272,260.008576,153.966529,669.233588,267.517860,169.379866,671.118070,231.178098,141.708691,668.473098,257.228408,227.157898,783.532101,221.579892,177.878390,746.497833
145,217.595907,77.436960,651.821578,239.410531,104.692905,608.833284,246.685312,109.781985,701.104950,227.567300,133.457407,602.048498,230.958695,141.576845,702.958288,211.025186,166.824807,623.022769,220.461682,169.715524,726.302455,298.916117,165.708755,692.518566,259.937871,153.537715,669.331082,268.691834,170.141273,675.577664,231.083041,141.523300,669.312217,258.327495,227.841605,787.201445,221.673605,177.520112,748.236895
146,217.890299,76.647971,651.041977,239.124526,104.103215,607.868885,246.559245,109.126901,700.538729,227.162349,132.805140,601.288558,230.304435,140.591322,701.069739,210.534799,165.845346,622.344280,220.229169,168.366785,725.300583,297.938032,165.032982,690.553365,259.152027,152.757002,667.739401,268.373499,169.642626,675.562628,230.930592,141.327003,669.932370,257.936275,227.041308,786.392669,221.764314,177.161815,749.975849
147,217.977075,75.878150,650.427836,238.872395,103.570553,607.120191,246.438606,108.546465,699.955325,226.303425,131.895889,598.730736,229.998459,140.022978,699.906231,209.817732,164.981214,619.858052,220.197203,167.022303,725.017519,297.142495,164.343070,688.964444,258.369222,152.022949,666.159763,268.040437,169.132839,675.337551,230.407469,141.179553,670.417479,256.067405,224.368534,782.579131,221.860201,176.803545,751.714603
148,217.946237,75.107415,649.873384,238.572245,103.085836,606.553722,246.310192,108.028645,699.393416,225.575962,131.051629,596.718528,229.821943,139.562070,699.304965,209.168162,164.239753,617.613091,220.222166,165.902170,724.968577,296.459776,163.722841,687.612774,257.759034,151.360945,664.780766,267.753841,168.613082,674.413812,230.268550,141.057475,670.808209,253.894978,221.790794,775.973373,221.953575,176.445241,753.453853
149,218.232845,74.436011,649.955448,238.307497,102.646217,606.142684,246.146405,107.493908,698.931875,224.994954,130.351923,595.817696,229.653044,139.133390,698.769032,208.553880,163.644811,617.446605,220.316670,164.883292,725.055392,295.645677,163.147722,686.444887,257.370115,150.883450,664.260121,267.431586,168.139751,673.665809,230.184702,140.952297,671.140451,255.075142,222.472361,780.148991,222.046946,176.086962,755.192756
150,218.183285,73.579466,649.501400,238.172618,102.195934,605.603576,245.877114,106.991778,698.076931,224.251317,129.682501,594.545860,229.450386,138.655016,698.196165,208.050357,163.163886,617.832124,220.430898,164.011962,725.159432,295.029190,162.659896,685.038768,256.715177,150.241595,663.557845,267.135265,167.709171,673.330949,230.117398,140.828210,671.452904,253.979694,220.925554,776.418433,222.140290,175.728674,756.933179
151,218.314332,72.677397,649.122353,238.003158,101.767710,605.230775,245.533864,106.542336,697.177406,223.758106,129.086659,594.085637,229.030086,138.219066,697.804189,208.084262,162.746103,617.915160,220.578413,163.203767,725.273979,294.531363,162.220172,683.950882,256.575465,149.850368,663.762294,266.744847,167.315312,673.083026,230.058816,140.687098,671.765023,253.773293,220.191753,775.667028,222.233672,175.370399,758.670430
152,218.629070,72.052272,648.776483,237.960095,101.371628,604.604188,245.387128,106.060086,697.161010,223.003945,128.387225,592.197573,228.798059,137.813641,697.710875,208.003211,162.282709,617.705490,220.724584,162.782698,725.582236,294.040604,161.835216,682.966149,255.996257,149.227506,662.292710,266.388018,166.953832,672.885010,230.006103,140.553652,672.163015,253.368963,219.338336,774.946325,222.327063,175.011997,760.409774
153,219.116137,71.619467,648.695294,237.937027,100.987770,603.287466,245.325988,105.615445,697.145936,222.640234,127.752889,591.552124,228.724920,137.407383,697.726636,207.877795,161.752865,617.465830,220.972508,161.997774,725.838038,293.760036,161.459127,682.041901,256.000453,148.767567,662.458084,264.916197,166.019817,671.585990,229.870921,140.288843,673.220518,252.877923,218.892768,773.660673,230.822416,183.060179,787.631774
154,219.492789,71.262439,648.238162,238.011443,100.645706,603.667663,245.494213,105.302703,697.167629,222.668413,127.354585,591.334787,228.759215,136.972483,697.714916,207.728969,161.478993,617.176889,221.135226,161.260088,725.908333,293.789313,161.120985,682.312039,255.914961,148.292582,662.420172,263.950538,165.257185,671.602402,229.605184,140.010924,675.142118,253.868740,218.464637,776.227982,229.902377,184.041322,787.082106
