5,253.057520,-30.206091,613.324250,286.324215,-3.122842,628.741031,240.426670,-16.256388,655.096189,280.690460,35.956672,610.820532,216.576552,1.078867,672.097578,255.377745,56.573937,610.456322,203.720054,23.837241,685.838567,224.837329,42.763156,502.317605,278.973501,59.867984,714.738813,247.585992,76.053992,535.009319,266.698619,104.550717,686.857656,306.382076,91.659228,634.394079,310.998769,163.603001,745.199000
6,252.876742,-30.167602,613.677904,286.503938,-3.134487,628.776039,240.369446,-16.189276,654.793305,280.843139,35.981025,611.427049,216.688311,1.095189,671.923642,255.270121,56.613793,610.614766,203.665003,23.801773,687.149631,224.788040,43.144317,502.826051,278.685620,59.893024,716.609321,246.821669,76.054158,530.985523,266.915433,105.395128,689.290783,306.287464,91.752682,634.711523,310.998988,163.603000,745.198956
7,252.915585,-30.123726,613.969104,286.640806,-3.093850,628.890909,240.340673,-15.973166,654.902045,281.196717,36.161396,612.985739,216.948654,1.137248,671.786364,255.285991,56.713130,612.262367,203.533079,23.770137,686.860322,224.119200,43.519345,503.232381,278.455720,60.030798,717.172521,246.123815,76.652373,531.570815,267.213710,106.237462,691.109419,306.047318,92.236353,635.040413,310.987303,163.603000,745.193021
8,253.011836,-29.946666,614.529925,286.815896,-3.032034,629.577849,240.321227,-15.583072,654.754373,280.244259,36.354155,612.864332,217.300900,1.215033,672.701639,255.087173,56.821196,612.275485,203.476332,23.750231,688.092315,224.023210,43.924463,504.815725,278.416707,60.117229,718.314624,245.497446,77.776625,531.531458,266.071764,107.070130,692.090987,303.647052,91.238706,633.328326,310.999001,163.602997,745.198999
9,253.104772,-29.721171,615.078174,286.945612,-2.840616,630.067891,240.484424,-15.310709,654.508053,280.432137,36.562300,612.877713,217.574300,1.448181,672.343384,255.003453,56.983712,612.306500,203.445268,23.759202,687.856065,223.902500,44.395452,505.625530,278.472802,60.282447,719.575058,244.990576,78.566474,532.145894,266.616386,108.050150,694.447855,302.200593,90.992805,632.607394,309.864937,163.603001,745.199000
10,253.253202,-29.466124,615.455396,287.159001,-2.554367,630.245650,240.804117,-14.999838,654.193405,280.646718,36.895618,612.855113,217.830104,2.147784,672.198567,255.008625,57.225801,614.382771,203.414798,23.854474,687.358264,223.819774,44.886239,506.211638,278.666413,60.757830,720.682328,243.632340,79.201751,530.852079,267.025023,109.169382,697.268669,300.703968,90.734649,631.811706,309.482641,167.756301,750.105054
11,253.444259,-29.161655,616.370891,287.360418,-2.118439,631.127406,241.056111,-14.501740,654.082765,280.958578,37.637037,613.907606,218.053762,2.592107,673.476200,255.102114,58.332278,615.559168,203.387156,24.306853,688.596760,223.839710,45.508375,506.667769,278.921903,61.498995,721.520028,243.030123,79.860916,530.975292,265.726430,109.911423,698.645708,299.110709,90.465277,630.915809,309.660078,168.350029,751.364497
12,253.939353,-28.628269,616.775919,287.547485,-1.240870,632.080654,241.172545,-13.968416,653.948688,280.753710,38.561161,614.018856,218.256779,3.150334,674.601753,255.257978,59.100045,615.761727,203.310218,24.768105,689.452105,223.874953,46.376165,507.134955,278.084819,63.595351,722.360633,242.400588,80.558116,530.661090,266.071423,110.290483,699.887347,297.419051,90.187464,629.862293,309.254020,168.293406,751.122792
13,254.370922,-28.079557,617.094757,287.676610,-0.298740,632.329009,241.205672,-13.314324,653.711528,280.895401,39.355277,614.101888,218.462525,3.912241,674.380898,255.429988,59.908111,616.252167,203.157739,25.238518,689.062426,223.885247,47.239830,507.612472,278.201143,64.530714,723.306042,241.813101,81.243586,529.335463,266.641642,111.366415,701.878518,295.639265,89.907429,628.481448,309.112418,169.023265,748.262114
14,254.708453,-27.328584,618.197782,287.811375,0.760511,633.170519,241.165725,-12.516454,654.233833,281.074008,40.159438,615.518934,218.676317,4.691428,673.993607,255.902122,60.717886,616.917958,203.270739,25.918770,689.303122,223.830298,48.001942,508.177025,278.180229,65.595117,724.822477,240.949857,81.577593,527.877500,267.193388,112.570964,703.590389,293.766385,89.640013,627.187955,309.123830,169.753685,747.812002
15,255.059739,-26.471398,619.255388,287.916098,1.934803,634.251256,241.017171,-11.696740,654.977057,281.278460,40.944031,616.991295,218.969557,5.542393,675.113500,257.276628,61.444252,618.413193,203.588536,26.590666,690.332451,223.781695,48.718902,508.603319,278.253834,66.800084,727.065323,240.156815,82.228452,527.100826,267.888306,113.816085,705.712013,291.793993,89.412163,626.294042,309.207038,170.618273,750.353303
16,255.460404,-25.695084,619.555129,288.143382,2.766101,634.518878,240.843697,-10.905146,655.466509,281.703390,41.728450,617.257771,219.319811,6.393074,676.408342,258.157681,62.118875,619.131978,203.998313,27.457418,691.299172,223.736394,49.386055,508.986227,278.536768,67.953786,728.679505,239.397547,82.916188,526.847125,268.555064,114.624124,707.372321,293.068496,91.470565,625.440977,309.515410,171.528941,752.684059
17,255.948980,-25.015645,620.286005,288.553018,3.529072,634.746931,241.036929,-10.253918,655.166000,282.210354,42.412791,617.356667,219.778496,7.128075,676.386308,259.123021,62.759530,619.885447,204.588375,28.314810,691.973182,223.677265,49.924548,509.405376,279.217608,69.054271,729.898272,238.736112,83.605310,526.927661,269.634961,115.000285,708.705520,294.016761,92.628999,626.628437,309.791046,172.302164,752.933306
18,256.404998,-24.440326,620.543277,288.775130,4.247811,635.049905,241.263241,-9.739315,654.802956,282.235118,43.053981,617.270893,220.389636,7.821358,676.188935,259.643025,63.432826,620.256370,205.188377,28.962213,691.783822,223.712302,50.771314,509.997153,279.409434,69.840590,730.812269,238.173730,84.229787,526.421904,270.596447,115.428088,709.574208,296.415244,94.322618,627.895718,310.571746,172.431575,751.594322
19,256.972189,-24.211584,621.150988,289.172209,4.923205,635.293715,241.334647,-9.424577,655.521067,282.792307,43.625552,617.081810,221.001719,8.452578,676.343682,259.769804,63.933713,620.505275,205.792817,29.599764,691.841104,223.914088,51.595495,511.096225,280.242288,70.722101,731.728382,236.939325,84.678118,525.140670,271.496383,116.140303,712.649485,298.163964,96.563017,625.790986,312.049635,173.089864,751.126911
20,257.630128,-24.073913,621.975386,289.603936,5.320146,635.595048,240.955448,-9.020830,655.355248,283.418448,43.764715,617.202335,221.349945,9.057166,676.556602,260.129270,64.237696,620.623259,206.135945,30.041122,691.411199,223.979403,52.440417,512.663347,281.187297,71.701310,733.776192,235.773936,85.321935,524.999277,272.567447,117.466439,714.893019,299.169567,97.742691,624.319133,313.584825,173.826924,751.620456
21,258.385484,-23.599308,622.960156,289.697078,5.911856,636.859957,241.179723,-8.292085,656.228334,284.039856,44.379969,618.224080,222.243990,9.767365,677.766282,260.805617,64.743139,621.812627,206.819680,30.641580,691.401965,223.876302,53.328849,513.906583,281.471193,72.660509,735.597269,235.620061,85.912558,524.817077,273.766227,118.376228,715.471163,298.424533,98.165957,622.991765,314.567243,174.588125,752.277870
22,259.335813,-22.783868,623.490195,290.042719,6.721075,637.311691,241.786029,-7.431666,656.202734,284.716280,45.116849,619.035446,223.357963,10.562777,678.039082,261.622052,65.434182,622.188346,207.905838,31.341805,691.835110,224.509930,53.966126,514.444225,282.304820,73.641822,737.441160,235.591744,86.359915,523.453659,274.979214,119.550292,716.237987,297.447287,98.413465,620.606277,314.936755,174.841516,751.415955
23,260.362104,-21.835490,623.938425,290.819215,7.466121,637.828550,242.836475,-6.464098,656.331584,285.488233,45.871823,619.427822,224.314356,11.345777,677.926471,262.467059,66.134789,623.369679,208.903467,32.037752,691.634705,225.066029,54.625441,514.551663,283.401252,74.485778,738.196974,235.758827,86.851963,521.798435,276.203109,120.436330,716.244271,296.568927,98.815323,618.389217,314.965552,174.511892,751.026803
24,261.169840,-20.810289,624.099621,291.971724,8.364254,638.168596,244.156382,-5.480205,656.614318,286.123655,46.692626,619.271314,225.645555,12.189983,679.258844,263.370705,66.944805,623.733120,210.298061,32.821366,691.876604,225.981504,55.449696,515.102503,284.858945,75.480743,738.530698,236.195814,87.471063,521.130478,277.235258,121.647099,716.068549,294.357962,99.337125,616.496470,314.610392,174.881042,751.599260
25,262.309728,-19.711429,623.371883,293.153376,9.325195,637.212099,245.641291,-4.472264,655.706692,287.144462,47.652606,619.139781,227.089739,13.070079,679.670709,264.327613,67.897044,623.466472,211.452603,33.625525,691.604630,226.812587,56.225962,514.147423,286.466263,76.509355,737.655760,236.625002,88.183733,520.590021,278.440586,122.604185,716.546282,294.459237,99.804847,615.756609,314.396492,175.465176,750.164020
26,263.846288,-18.567188,623.799225,294.529621,10.347650,636.835216,247.206271,-3.443508,655.452792,288.374168,48.662510,619.855350,228.391793,13.947851,679.862529,265.340331,68.781733,623.664428,212.715554,34.492402,693.115559,228.177642,57.226476,514.558812,287.919941,77.464224,736.259649,237.070606,88.903560,520.862600,279.773830,123.444966,716.538828,294.989314,100.186261,614.946555,312.442933,175.911109,750.118871
27,265.381562,-17.420487,624.394769,295.801306,11.382242,637.282753,248.379646,-2.434293,655.661872,289.490406,49.645173,620.119395,230.002753,14.865987,680.954633,266.403508,69.690759,623.795443,214.158095,35.339431,693.571370,229.458014,58.168887,515.311135,289.049754,78.428133,736.044492,237.537826,89.991987,521.852361,280.799910,124.691437,716.374686,296.151176,100.902645,613.793947,309.237650,176.480853,746.303643
28,266.493459,-16.296615,623.676236,296.847690,12.346658,636.287729,249.624417,-1.440169,654.693045,290.646964,50.635878,619.771318,231.486712,15.782228,680.589867,267.392890,70.611771,623.071473,215.482525,36.207691,692.950824,230.124325,58.883098,514.461856,290.210909,79.347134,734.467340,238.375168,90.992601,522.575106,281.543443,125.238975,713.781048,298.065835,101.935822,614.942435,304.751136,176.554640,758.752134
29,267.476436,-15.218714,623.398857,298.070336,13.271205,636.816201,250.971869,-0.460519,655.246023,291.526110,51.674522,619.912977,232.812830,16.691556,679.815848,268.496455,71.530759,622.962515,216.762035,37.095729,693.082230,231.109396,59.663632,514.560035,291.607626,80.430936,734.646372,239.196091,91.628247,521.686697,282.451699,125.874584,713.164448,299.303268,102.712103,613.161769,308.048704,178.327677,758.799376
30,269.093206,-14.159712,623.948136,299.280489,14.225831,637.300168,252.437587,0.542527,655.501934,292.652059,52.747247,620.646964,234.139825,17.587931,679.448885,269.851118,72.578690,623.933122,218.402095,37.965749,692.875284,232.596060,60.543318,515.121664,292.815053,81.423874,734.652750,240.600836,92.471342,521.406814,284.081662,126.855230,713.980527,300.645973,103.676325,613.040253,311.346224,180.100713,758.846667
31,269.976168,-13.153338,624.028145,300.457400,15.202676,637.730766,253.757376,1.493406,655.456334,293.588953,53.784817,620.274046,235.497222,18.505266,679.453704,270.716948,73.621508,624.174002,220.154140,38.814332,693.782677,233.337348,61.278950,514.496983,293.945595,82.449518,733.986325,241.611282,93.241846,520.083655,285.077773,127.341468,712.739378,302.820391,105.199198,613.761234,314.643770,181.873747,758.893811
32,271.159613,-12.149632,624.769499,301.565957,16.231034,638.312952,255.024387,2.482555,656.123070,294.878858,54.828752,619.893720,236.831238,19.439488,678.904984,272.099620,74.750006,624.510132,221.469127,39.631849,692.428940,234.202484,62.048383,513.911030,295.800994,83.561722,733.996110,242.656775,94.249484,519.580476,286.983687,128.497995,712.786020,304.581351,106.430238,613.268937,317.941310,183.646780,758.941042
33,272.366572,-11.028684,625.266758,302.855678,17.375689,639.119071,256.490207,3.464007,657.327651,296.151241,55.876799,620.353320,238.471427,20.438001,680.194579,273.017197,75.996628,624.374861,223.312260,40.584027,693.632158,235.296184,62.934850,514.069668,297.168154,84.909385,734.179616,244.161933,95.218592,519.415189,288.339856,129.301373,713.199434,306.151366,107.460528,613.335898,321.238860,185.419822,758.988259
34,273.453124,-9.709610,625.624098,304.332805,18.691130,639.943279,258.233964,4.658905,658.586642,297.589181,57.103660,620.443435,240.288754,21.533087,681.709787,274.585273,77.451547,624.437215,225.001836,41.613184,694.699017,236.622559,63.838217,514.371792,299.440283,86.438970,734.931665,245.084712,96.074595,517.708550,290.605465,130.572594,714.198495,307.527483,109.079473,614.433377,324.536402,187.192854,759.035489
35,274.450078,-8.335331,625.022937,305.340390,20.083200,639.263109,259.400212,5.920190,657.705387,298.698910,58.677631,619.648932,241.740790,22.600043,681.412580,275.699948,78.998232,623.719404,226.450647,42.668560,695.291592,237.999412,64.937886,514.475169,300.684556,88.114161,734.034040,246.291715,97.267464,518.241794,291.846685,131.943685,712.884913,309.265892,111.094836,615.338468,327.833950,188.965889,759.082809
36,275.552414,-6.872985,625.670241,306.825090,21.695425,639.663842,260.971848,7.254412,658.465660,300.044476,60.100520,619.684017,243.620090,23.816073,682.996534,277.280890,80.475564,624.786095,227.838731,43.743147,695.516615,239.577109,65.854458,515.227121,301.784514,89.828086,732.185915,247.521763,97.937737,519.174667,293.951269,133.196297,711.666044,310.547837,113.330186,616.124464,331.131502,190.738899,759.129957
37,276.594404,-5.417452,625.915858,308.210706,23.264335,640.372051,262.362590,8.543621,659.202340,301.567178,61.331025,620.037987,245.396781,25.068839,684.893740,279.009574,81.725916,625.767484,229.314455,44.907713,696.013024,240.760635,66.816174,515.550886,303.236290,91.252538,731.583263,248.665719,98.823924,519.652233,296.268401,134.552578,712.107540,311.542947,116.129977,615.437640,334.429040,192.511963,759.177138
38,277.459408,-4.114896,625.481677,309.417899,24.709407,640.412801,263.832753,9.824236,660.381361,303.259807,62.463627,620.907101,246.927184,26.391812,685.428567,280.907133,82.927913,626.721444,230.819734,46.086535,695.901763,241.982677,67.914299,515.454107,304.417100,92.752901,731.835794,249.596280,99.748487,518.660783,298.720586,135.881264,712.404095,311.496100,118.834839,613.588379,337.727029,194.284981,759.224589
39,278.233494,-2.826430,625.591218,310.362323,25.968481,640.322403,264.889241,11.097096,660.488898,304.627565,63.407146,621.115106,248.103556,27.669554,685.996622,282.134500,84.084909,626.260632,232.195717,47.386802,696.066580,243.096243,68.991674,515.674814,305.692429,94.259210,732.709172,251.138545,100.795682,518.807521,301.200355,137.236521,712.432638,312.814986,121.514100,615.115476,341.024131,196.058030,759.271561
40,278.905486,-1.508247,624.870069,311.092691,27.072846,639.697817,265.695791,12.382301,660.319258,305.447017,64.396206,619.997058,249.322976,28.914213,684.961890,283.440128,85.070579,625.685129,233.753583,48.632728,696.446193,244.047286,70.059727,515.588028,306.781936,95.726394,733.049809,252.816097,101.904863,519.521460,303.808148,138.583919,712.674186,314.028840,124.662472,616.762315,344.321671,197.831066,759.318836
41,279.397277,-0.324589,625.490158,311.951470,28.120329,639.849702,266.514702,13.661127,660.829165,306.739116,65.273203,620.470101,250.761423,30.145647,684.746507,284.924248,86.031553,626.171579,234.985208,49.859708,696.153222,245.343043,71.128828,516.163321,307.498604,97.194846,732.166933,253.770104,102.942061,519.969915,306.247119,139.784554,712.558649,315.239878,127.613682,619.493760,347.619221,199.604101,759.366044
42,279.685949,0.806468,624.785480,312.432339,29.140361,639.252929,267.162281,14.937181,660.264456,307.339153,66.117591,619.673512,251.852608,31.409164,683.561889,285.547572,86.960524,625.830333,236.066950,51.048794,695.243079,246.017053,72.109211,515.466405,307.961839,98.649958,730.956472,254.168003,104.022762,518.212906,308.195556,140.783130,711.529434,316.332819,130.111836,616.460187,350.916769,201.377146,759.413282
43,280.145930,1.930475,625.762278,313.181648,30.183988,640.171161,267.942362,16.235150,661.437610,307.986344,66.961414,619.704494,253.077481,32.663614,685.654977,286.341515,87.881371,626.160535,237.235596,52.198269,695.731975,247.661696,73.329207,516.650786,309.172993,100.181077,730.485400,255.671772,105.290220,519.388257,310.212661,141.807614,710.834707,317.916342,132.997564,615.576142,354.214310,203.150171,759.460505
44,280.508136,2.999860,626.161055,313.863448,31.210790,640.422815,268.539398,17.597894,660.984742,308.272429,67.821888,619.408439,254.360395,33.932732,685.472040,286.220416,88.792306,625.740752,238.479762,53.339566,696.473215,248.845753,74.553768,516.791075,309.954034,101.410862,729.662293,256.489722,106.809275,519.118717,312.240656,142.825258,710.481053,319.328434,135.478794,612.963779,357.511856,204.923210,759.507591
45,281.237977,4.050540,626.644675,315.053894,32.272025,641.063795,269.716130,18.991916,662.110659,309.770246,68.747985,620.599339,255.263253,35.162817,686.368451,286.894323,89.803243,626.732964,239.351851,54.475293,696.736909,249.734769,75.734722,516.093163,311.907680,102.925820,729.074493,257.915578,108.539670,519.828243,314.210333,143.874226,710.803278,321.179260,138.435999,617.606649,360.809399,206.695713,759.554876
46,281.544836,5.102363,626.144116,315.793878,33.408745,641.432151,270.870939,20.484001,663.593021,311.004826,69.741305,621.082344,256.190931,36.475933,687.589654,287.476984,90.894439,627.702771,240.242771,55.635610,696.936047,250.840460,76.827345,515.297927,313.888142,104.763408,728.837073,258.856383,109.663642,519.201355,315.947840,144.958459,711.240887,321.192301,141.637011,618.425258,366.017166,208.878723,760.084286
47,281.745426,6.237234,626.075656,316.280625,34.584384,641.474732,271.593062,22.008253,663.178096,311.939941,70.831377,620.845901,257.158495,37.819933,688.046499,287.770013,92.409149,627.179122,240.876930,56.846413,698.046620,252.019356,77.920346,514.793693,315.173046,106.336982,727.037226,260.016400,110.566160,519.648162,317.865306,146.163864,712.471630,321.663378,144.811119,620.084157,370.813706,210.927781,761.825940
48,281.969476,7.466485,625.307286,316.644547,35.740696,640.817365,272.251933,23.383092,663.822656,312.875307,72.395717,620.726622,257.969757,39.025385,688.057257,288.320663,94.399449,627.272439,241.161477,57.923895,697.148262,253.831733,79.088164,516.188737,316.752667,107.834768,727.854217,261.567000,111.617523,520.308497,319.171680,147.314811,712.867805,322.240143,147.913292,621.940441,377.094459,212.223982,769.564800
49,282.171833,8.910840,625.428760,316.881541,36.990750,640.144997,272.570076,24.528292,663.647907,313.600234,74.595584,621.134440,258.472656,39.995726,687.547490,288.837325,95.953118,627.605309,241.453070,58.874151,696.518484,254.819645,79.873155,515.589294,317.871556,109.020208,728.082061,262.950544,112.295906,521.005804,320.033594,148.121238,712.574406,322.308069,150.756746,623.139141,378.610390,210.831087,768.960696
50,282.190410,10.082930,625.176931,317.258299,38.048147,640.010731,273.043148,25.557115,664.206398,314.081593,76.173006,621.382824,258.806246,40.874734,687.672181,289.227015,97.116827,627.020239,241.667613,59.670231,696.694305,255.523853,80.529654,515.163495,319.367766,110.177695,728.221789,263.652533,112.927853,520.636281,321.662982,149.763768,714.891719,322.176326,153.220254,623.648544,378.087788,210.200084,756.638325
51,282.252016,11.087060,624.773525,318.086154,39.151490,640.361756,273.880023,26.504570,664.785379,315.246679,77.653870,621.357608,259.123657,41.823553,688.434000,290.463058,98.620639,627.424335,241.801219,60.468618,697.093450,256.290487,81.042198,515.982915,319.171654,111.054814,726.155898,264.164381,113.676590,520.901125,322.485731,151.872472,717.887808,321.940367,155.561047,623.737032,367.662934,209.774733,729.004589
52,282.149650,11.965479,623.876314,318.599130,40.117425,640.605043,274.310066,27.318869,665.346073,316.093440,78.917472,621.932205,259.424842,42.617073,687.749011,291.320241,99.901423,628.240561,241.698210,61.186922,696.432774,256.670529,81.653587,515.911587,320.243376,112.131283,726.343958,265.249153,114.550426,522.326788,324.827648,153.949004,722.122197,322.077903,157.699607,624.911856,375.602669,213.943986,739.955009
53,281.994858,12.667095,623.625711,319.062408,40.970783,640.306531,274.698741,28.100586,665.108369,316.434649,80.034756,621.628317,259.685006,43.358047,686.786110,291.742823,100.707349,627.573666,241.868373,61.887224,696.071289,256.953097,82.533076,515.580341,320.725301,113.376471,727.049607,265.253328,115.856340,521.413454,326.050759,156.115889,726.489513,322.695758,160.398748,625.815173,399.462066,228.291536,793.291096
54,281.878193,13.422428,623.492950,319.705841,41.776745,641.138354,275.468177,28.937691,666.481105,316.966254,81.256063,622.223765,260.190303,44.056243,687.746045,292.038929,101.810947,629.026381,242.199579,62.597634,696.264283,257.890923,83.860558,517.063276,321.856141,115.073965,728.683235,265.004261,117.279994,521.061198,324.349628,157.120520,725.261137,322.134016,161.796095,625.109793,417.699511,231.906098,826.150904
55,281.748372,14.179276,623.430304,320.322441,42.635441,642.539586,276.139157,29.814466,668.178511,317.591643,82.484483,623.535194,260.539979,44.741856,688.759566,291.741812,102.718375,629.135570,242.144069,63.274368,696.720787,258.428076,84.786120,517.729877,323.421604,116.489082,730.937489,264.668279,117.941755,520.249881,322.538559,157.900224,722.574726,321.104317,162.713837,623.695977,401.878061,216.261783,784.596372
56,281.390761,14.987904,622.934587,320.560228,43.530276,642.609230,276.661250,30.712414,668.516618,317.970642,83.623254,624.722574,260.979550,45.658692,690.040725,291.634164,104.091162,630.925083,242.023120,63.822395,696.454788,259.148436,85.809274,518.397384,325.177462,118.055905,733.348002,265.590414,119.579341,522.161309,321.095734,158.262914,722.036917,321.575270,164.376974,625.175252,392.488558,199.999756,770.982440
57,281.199842,15.852043,622.682944,321.012138,44.549458,643.090548,277.340638,31.561235,669.598682,318.647980,84.989875,626.051228,260.862424,46.369072,689.904627,291.770288,105.562919,632.979437,241.657968,64.448085,696.813409,259.222802,86.482406,517.643292,326.406800,119.186004,735.069068,265.193799,120.426020,521.603877,321.390633,161.275737,725.789097,321.193118,166.030925,624.964355,399.583209,207.720351,770.813768
58,280.971446,16.674316,622.250939,320.922756,45.585318,642.364421,276.964690,32.333589,669.073275,318.459603,86.133460,625.549812,260.721246,47.059870,689.140813,291.421427,106.681484,633.241110,241.586148,65.077666,697.650849,259.140002,87.130467,516.869169,325.987384,120.208223,734.105240,265.504193,121.850784,522.285290,318.756768,162.617984,723.032060,321.543216,168.047510,626.176909,0.000000,0.000000,0.000000
59,280.772698,17.516301,622.485646,321.339883,46.682097,642.436656,277.479536,33.124169,669.041890,318.491809,87.452644,625.710565,260.929703,47.797755,689.237598,291.266162,107.871258,635.046981,241.624054,65.709419,698.267870,259.756574,88.389515,517.606419,326.072080,121.259150,733.123417,265.345544,123.399325,522.535529,314.190779,162.036909,722.920308,322.046611,171.245152,628.336772,0.000000,0.000000,0.000000
60,280.578066,18.278492,622.443925,321.496939,47.831872,642.160538,277.858060,33.956850,669.257787,318.395952,88.707519,626.164519,261.083397,48.611125,689.504378,290.773323,108.952567,635.251914,241.562787,66.432268,699.530606,259.983636,89.216104,517.587581,325.925993,122.334667,731.758824,264.920105,124.933212,522.784976,312.282961,162.253181,714.303623,322.469108,174.724864,630.624184,0.000000,0.000000,0.000000
61,280.522244,19.230029,622.967409,321.837989,49.144693,643.252109,278.066567,34.896466,670.419068,318.778929,90.220545,627.584956,260.940741,49.404859,689.582891,290.789650,110.315124,637.118586,241.510598,67.095734,700.244736,260.428186,90.105502,517.763827,326.884065,123.537885,733.929429,265.001652,125.988289,522.743659,312.144214,163.626522,715.049556,322.703514,179.175498,632.533652,0.000000,0.000000,0.000000
62,280.585442,20.102608,622.611474,321.847143,50.367916,643.053054,278.047824,35.836511,670.306946,318.157249,91.518046,627.516543,260.528723,50.233338,689.045255,289.878248,111.403091,636.541477,241.088819,67.770082,700.184980,260.778249,90.929939,517.643011,327.082070,124.456949,732.722433,264.887357,126.910178,521.917286,310.580460,163.717707,711.645951,321.685561,183.604376,632.685737,0.000000,0.000000,0.000000
63,280.527827,21.080937,622.783265,321.998277,51.665519,643.648329,278.211228,36.821992,670.319981,317.878368,92.828601,628.350469,260.215742,51.063668,688.733145,289.964754,112.997061,638.538094,240.083680,68.349124,699.054697,260.904444,91.557415,516.756691,327.751064,125.361373,733.052988,265.311289,127.897297,522.526914,311.416704,165.040181,713.698031,321.781952,188.734491,634.783756,0.000000,0.000000,0.000000
64,280.517211,22.155697,622.943967,322.052597,52.907343,643.684959,278.572465,37.895011,671.068811,317.489338,94.151290,628.133358,259.883443,51.849802,688.171039,289.191544,114.173060,638.240810,239.916719,69.068082,700.113928,261.408997,92.095768,517.082502,327.998609,125.940835,732.008077,265.396872,128.575947,522.371253,310.311163,166.329313,710.688253,321.255347,189.175191,635.281027,0.000000,0.000000,0.000000
65,280.447222,23.275934,622.347725,322.520471,54.224422,644.215260,278.739700,39.028364,671.539092,316.911623,95.508636,627.853845,259.839079,52.584884,688.286574,288.237136,115.384591,637.668386,239.898545,69.798951,701.559096,261.903948,92.791511,517.280435,328.365356,126.228365,730.467578,265.119155,129.080265,521.322677,309.439701,166.929655,708.996002,320.728721,189.615889,635.778570,0.000000,0.000000,0.000000
66,280.086160,24.465556,621.532758,322.272589,55.554352,644.022166,278.621525,40.265743,671.808708,316.661598,96.925777,628.533714,259.672005,53.426938,687.905997,287.952178,116.599112,638.725869,239.196074,70.411519,700.961431,261.950861,93.441453,516.869379,328.920766,126.452838,731.108286,264.555334,129.826003,520.649187,312.079288,167.363750,714.037391,319.762215,190.347606,633.944460,0.000000,0.000000,0.000000
67,280.254935,25.669633,621.678514,322.081163,56.933421,644.020742,278.368515,41.504719,671.331912,316.040362,98.404067,628.410267,259.419711,54.300460,687.789504,286.971653,117.749063,638.450134,238.711134,70.957747,701.159531,261.944485,93.863907,515.742997,329.204088,126.786168,730.709431,264.173285,130.320146,519.013140,311.380563,165.199754,711.534128,319.174663,189.796642,632.832366,0.000000,0.000000,0.000000
68,279.716724,26.853100,620.983438,321.976359,58.319324,643.911457,278.727777,42.898352,671.361418,315.387428,99.781661,628.169996,259.449876,55.137894,688.348721,286.305598,118.682715,638.877989,238.178715,71.403913,701.987070,261.902119,94.528715,515.180012,329.558752,127.302399,730.543036,264.915135,131.521102,520.404556,312.732266,167.491625,714.979370,318.533281,189.088338,632.521567,0.000000,0.000000,0.000000
69,279.003183,27.934159,620.550972,321.492440,59.627673,643.803145,278.524154,44.034021,671.400744,314.920191,100.760645,629.031904,259.604670,55.757014,689.258153,285.360378,119.419472,639.266254,237.921520,71.838871,702.959830,261.912643,95.164486,514.988093,329.674426,128.112006,730.766004,264.982051,132.533042,521.377089,311.660839,169.103677,715.192150,318.770006,187.559359,632.739384,0.000000,0.000000,0.000000
70,278.401154,28.815113,620.153249,321.067392,60.764523,643.362954,278.185957,44.913253,671.106938,314.153933,101.889037,628.743372,258.821060,56.370656,687.960426,284.774608,120.335382,640.394066,236.856350,72.502186,702.364443,261.687686,95.693349,514.114123,329.490382,128.767139,729.270388,265.885580,133.341822,523.022340,312.169625,170.676017,716.208371,319.473478,186.458202,633.891266,0.000000,0.000000,0.000000
71,278.767210,29.651804,619.831610,320.809346,61.561769,643.042037,278.097006,45.610851,670.336031,313.821620,102.791230,629.736138,258.048230,56.805612,687.586311,283.771225,121.304188,640.665428,235.727614,73.106363,702.068794,261.638976,96.171815,514.094346,329.620666,129.702587,729.843656,266.886003,134.018656,523.992675,307.704008,171.294699,708.267661,320.250438,185.912464,635.216291,0.000000,0.000000,0.000000
72,278.383804,30.478309,620.486487,320.835735,62.061395,643.212146,278.245988,46.147106,670.811135,312.879171,104.134270,629.901208,257.908120,57.313125,688.210066,282.558676,122.510725,640.883310,234.618116,73.865881,702.111462,260.948826,96.345444,512.395712,329.792256,130.009540,728.689828,266.228432,134.345684,522.960846,299.146911,184.296315,700.478623,319.646340,184.474006,632.922066,0.000000,0.000000,0.000000
73,277.755652,31.059018,619.275378,320.256598,62.490034,641.993753,277.808453,46.420106,669.431309,311.616028,105.510869,628.896890,256.835830,57.809861,686.656891,280.880043,123.451887,639.906688,233.358652,74.205640,701.778429,260.225387,96.346629,509.998452,330.857578,130.140424,729.717696,266.749865,134.327246,523.292794,299.980797,192.308961,702.724413,320.234083,183.524084,634.219430,0.000000,0.000000,0.000000
74,277.266489,31.265591,618.995809,319.660940,62.544843,641.190125,277.179028,46.701390,668.356404,310.558066,106.488386,628.204099,255.879000,58.064415,685.702029,279.890485,124.452695,639.712105,232.096780,74.394595,701.312609,259.876314,96.260112,508.721372,331.615518,130.162233,729.409872,267.194567,134.071357,523.375833,303.544403,199.603149,712.018736,320.603143,181.973615,633.906546,0.000000,0.000000,0.000000
75,277.060714,31.019558,619.537887,319.342043,62.540615,641.643858,276.758638,46.910011,668.336465,310.585902,107.100580,629.818182,255.311904,58.260563,685.845810,279.237281,125.488607,641.107395,230.693651,74.537539,700.947854,259.928117,96.053767,508.509876,332.641396,130.100064,729.852040,267.534065,133.608167,523.217818,303.367765,197.996310,714.367453,320.909048,180.259462,632.654176,0.000000,0.000000,0.000000
76,276.607849,30.731146,618.758305,318.818980,62.597068,640.620905,276.374393,46.923398,667.542465,309.722877,107.392324,629.665573,254.440705,58.471824,685.589227,278.606166,126.068420,641.520410,229.619194,74.655033,700.534589,259.540891,95.840348,506.711455,332.756259,129.828873,727.894322,267.011494,132.714426,521.139866,305.655626,195.654104,719.087090,320.963424,179.090664,631.838777,0.000000,0.000000,0.000000
77,276.429855,30.160570,618.965890,318.751422,62.639823,641.270726,276.126499,46.840854,667.770100,309.159248,107.475160,630.100479,254.164973,58.543811,684.851011,278.269879,126.634772,642.090049,228.473335,74.701327,699.928981,259.616769,95.609019,506.231890,334.499116,129.575047,728.801861,265.938115,131.655449,518.587068,305.517470,191.432344,718.584893,319.542303,177.358687,629.305350,0.000000,0.000000,0.000000
78,275.881275,29.760209,618.142849,318.389267,62.641247,641.472283,276.118202,46.702135,668.505343,308.697187,107.522953,630.249332,253.771589,58.672356,685.337927,277.190978,127.016197,641.791828,227.831829,74.770448,699.796364,259.135285,95.094159,504.685922,335.469141,129.353913,730.288769,265.766630,131.707263,517.698906,304.674814,186.855501,711.438270,319.684614,175.940284,629.351383,0.000000,0.000000,0.000000
79,275.812180,29.430377,618.294663,318.316915,62.610797,641.759014,275.910415,46.637633,668.787548,308.592956,107.799090,631.666787,253.283873,58.812476,686.392716,276.597046,127.720602,642.706266,227.188325,74.749003,699.562895,259.304039,94.715185,504.744257,335.880441,129.000461,730.598751,266.540170,131.939985,518.812782,305.578840,183.074775,713.561762,320.715130,174.938985,630.444786,0.000000,0.000000,0.000000
80,275.493509,29.229197,617.593914,317.837566,62.449668,640.584871,275.552323,46.436493,668.017746,307.969620,107.894407,631.216841,252.253095,58.536312,684.353302,276.249659,128.337061,643.582618,225.864886,74.410928,697.609770,258.165556,94.092109,502.597772,335.891876,128.454490,729.612109,265.950758,131.886850,518.458708,306.877376,180.240615,715.347078,319.928369,173.827120,630.409541,353.451013,217.725029,825.657952
81,275.506044,29.189806,617.786389,317.649378,62.286284,640.552676,275.290333,46.175067,667.813689,307.275982,107.884553,630.613402,252.101410,58.527713,685.220020,275.452454,128.485664,642.966735,225.643209,74.300435,698.032266,258.363117,93.791379,502.696182,335.819350,127.874866,729.412064,265.761756,131.669326,518.650530,307.731444,177.845837,715.601593,319.385774,173.124785,630.702369,371.261971,216.710157,861.609567
82,274.719385,29.195690,617.472497,317.083280,62.167634,640.300612,275.005799,45.895653,666.892084,306.598085,107.936589,630.851602,251.782966,58.305909,684.507825,275.157182,128.724386,643.075887,225.152218,74.283379,697.834173,258.214262,93.700010,502.580636,336.330420,127.601987,730.436967,265.268255,131.719015,518.171656,307.278655,175.070405,710.917589,318.716261,172.604154,630.199202,388.678753,227.735758,0.000000
83,275.246347,29.216173,618.159803,317.075351,62.144583,640.467780,274.753618,45.596602,665.677398,306.258971,108.202963,631.726621,251.448608,58.151021,684.130009,274.877838,129.212223,644.173880,225.411365,74.276272,698.973307,258.216296,93.530741,502.764220,335.070920,126.903176,728.213309,264.820050,131.762875,517.663822,307.560254,172.761801,709.852001,318.364342,173.606858,629.496571,374.328924,219.634706,865.923185
84,275.634625,29.275778,619.157434,317.255036,62.323945,640.954956,274.771962,45.458207,665.356886,306.461063,108.550299,633.206658,251.277766,57.923697,682.855606,274.890905,129.694425,645.719893,225.359296,74.099869,697.526949,258.431064,93.318273,503.161820,334.912146,126.684653,727.859420,264.710930,132.250423,517.961336,308.148561,170.478220,709.952569,317.031437,174.842277,627.421213,373.028343,217.400682,859.140803
85,275.973234,29.389590,620.325379,317.418156,62.592183,641.843934,274.881163,45.314053,665.252697,306.498234,108.860168,633.084428,250.999197,57.784914,682.649050,274.594703,129.912527,645.137233,225.697096,74.153535,698.496908,258.664685,92.727951,503.226267,334.536058,125.851742,727.750265,264.154834,132.419355,517.203555,308.104392,168.467763,709.133672,316.151828,176.658474,625.664564,361.169813,210.400308,824.794080
86,276.167866,29.448176,620.426995,317.629687,62.828260,642.463453,274.976628,45.282871,665.592185,306.774813,109.203936,633.895377,251.074180,57.760857,683.733753,274.995124,130.504393,647.189021,226.177453,74.148314,699.052227,258.995987,92.600019,503.790231,334.220757,125.652751,726.327840,263.452302,133.003873,515.903623,308.279732,166.892178,707.736191,315.585710,177.545558,624.552997,356.734154,206.942387,817.812594
87,276.104486,29.538349,620.320069,317.625302,63.069151,642.278802,275.110635,45.286257,665.734841,307.070418,109.563754,634.289023,251.192116,57.742410,684.496228,275.443470,130.984521,648.217662,226.537889,74.049134,698.541532,259.647638,92.505884,504.835096,333.899915,125.416215,725.389175,263.983898,133.430575,516.601629,308.401122,165.168986,705.913478,316.136699,178.279007,625.655323,356.814184,205.307907,813.801015
88,276.154713,29.656626,619.514367,317.406981,63.283861,641.400212,275.216516,45.247342,664.717977,306.787491,109.831601,633.056694,251.402807,57.613438,683.638902,274.787182,130.927955,645.969661,226.914770,74.019042,698.495946,259.832064,92.448003,504.784439,333.657128,125.183258,724.079693,264.683159,133.782359,517.063632,308.119536,163.903932,703.325851,316.542581,178.535278,626.502390,356.894226,203.673466,809.789488
89,276.555676,29.633688,619.658558,317.261693,63.411012,640.400275,275.533925,45.176496,663.362863,306.339317,110.168374,631.767410,252.029421,57.732914,683.438262,274.464978,131.120880,644.606768,227.445861,74.136607,699.212910,260.093358,92.412727,504.704791,332.763142,124.873574,721.639266,264.242444,134.142027,516.415106,308.016655,162.407217,701.195158,316.075206,178.382646,624.834502,356.974259,202.039037,805.778021
90,276.499094,29.518776,619.314234,317.396786,63.565515,640.185971,276.178613,45.100493,663.583003,306.484229,110.538791,632.774571,252.468241,57.744499,682.793441,274.836732,131.605387,645.337071,227.583289,74.201671,698.388121,260.660749,92.539324,505.154478,333.052303,124.503052,720.935207,264.895210,134.186769,517.472574,307.913709,160.910501,699.064632,316.000480,179.181312,624.364084,357.054246,200.404561,801.766218
91,276.610861,29.441252,619.543304,317.185488,63.628349,639.475546,276.235073,44.949342,662.470840,306.547212,110.846005,633.279428,252.071957,57.654078,681.124239,274.726818,132.134849,645.585445,227.461251,74.187366,696.972397,260.491166,92.469720,504.752780,332.989724,124.044663,719.134980,264.786583,134.056076,516.478956,307.810791,159.413788,696.934036,316.048740,178.240322,623.454135,357.134313,198.770083,797.755118
92,276.716844,29.332681,619.530856,316.963065,63.712409,638.922891,276.373935,44.775773,661.987679,306.562981,111.071544,633.415544,252.359688,57.519442,680.705957,275.231254,132.726564,646.988155,227.843280,74.238370,698.123152,259.913614,92.444345,503.466323,332.928495,123.758661,717.940487,264.922575,134.120389,516.722516,307.707870,157.917071,694.803431,316.980958,175.060906,625.046728,357.214350,197.135677,793.743524
93,276.683406,29.228863,619.445909,317.115961,63.809263,639.212525,276.503152,44.509010,661.848503,306.236851,111.120744,633.144782,252.492677,57.359484,680.821300,274.547431,132.617355,646.026613,227.971720,74.134344,699.135105,259.522295,92.446093,503.254943,332.532595,123.492548,716.587204,264.636204,134.136736,516.675854,307.604957,156.420298,692.672822,316.582393,174.592426,622.569793,357.294503,195.501192,789.732022
94,276.808836,29.130307,620.068652,316.914830,63.687867,639.130059,276.144203,44.184558,661.938124,306.039735,110.990338,632.639450,252.432445,57.193985,681.626062,274.140241,132.629168,645.206888,228.033602,73.935369,699.656040,259.100630,92.171314,502.268072,331.591711,123.082060,714.543535,264.961073,134.519128,517.064104,307.502047,154.923655,690.542218,317.597098,175.565261,623.107771,357.374496,193.866677,785.720519
95,276.333421,28.992688,620.022919,316.939693,63.569007,640.050095,276.405674,43.993076,663.213007,306.012668,111.036935,633.775296,251.987747,57.051393,681.459789,274.110879,132.913255,646.088070,227.799484,73.860892,699.293854,259.509807,92.101847,502.935083,332.349383,123.583989,716.448467,264.652141,134.442508,517.036264,307.399125,153.426930,688.411570,317.615546,176.948487,620.207679,357.454463,192.232280,781.709004
96,275.448605,28.784203,620.035364,316.225941,63.178467,640.257251,275.867136,43.711080,663.491032,305.200246,110.659695,633.520766,251.276815,56.902846,680.285737,273.600236,132.803107,644.697019,227.091442,73.824147,698.120047,258.681243,91.697311,501.891530,332.282361,123.340027,716.861155,264.694877,134.122572,517.066397,309.138828,153.876024,689.644803,317.099353,179.754180,620.124754,357.534487,190.597825,777.697586
97,274.547620,28.347017,620.289985,315.523574,62.574945,640.710881,274.906580,43.266386,662.820819,304.710597,110.483721,633.803233,250.661126,56.760001,679.997855,273.152057,132.750777,644.489675,226.323911,73.776615,696.373138,258.413668,91.209498,501.468047,331.677895,122.949538,716.763405,264.561486,133.724567,516.821845,309.949168,154.367570,690.703103,316.583162,182.559829,620.041809,357.614508,188.963368,773.686022
98,273.462573,27.611812,619.085220,314.537020,62.080595,640.218657,274.157918,42.847400,662.778290,303.879458,110.188973,633.013929,249.976565,56.639702,678.850575,272.673894,132.648943,642.943075,225.770458,73.811751,695.601162,257.902647,90.955760,501.527155,330.937403,122.691121,716.151931,264.031679,133.425101,515.699741,311.426002,155.105232,691.621015,315.411964,184.119500,618.571403,357.694517,187.328917,769.674537
99,272.889984,26.883390,619.830198,313.769122,61.599350,640.604049,273.365875,42.445072,663.059523,303.292626,109.830274,632.605624,250.235643,56.546045,680.492952,272.275977,132.554513,642.694096,225.597085,73.848665,696.924941,257.355694,90.361852,500.988367,329.872411,122.065628,714.792696,264.401358,133.388431,517.179445,311.108333,154.274530,690.109605,315.468807,184.490356,619.987422,357.774579,185.694455,765.662996
100,272.112724,26.261652,619.384397,312.873245,61.164170,640.287296,272.335148,42.066272,662.172203,302.789631,109.512449,631.638074,250.132967,56.395177,681.728931,271.535902,132.411373,640.922902,225.721967,73.928866,698.102598,256.520621,89.791628,500.200846,328.476377,121.441580,712.323200,263.836450,133.064067,516.833710,309.472486,151.763093,685.712538,314.739745,183.411066,619.523435,357.854610,184.060010,761.651509
101,271.245832,25.682026,618.392272,312.055919,60.769828,640.106233,271.567715,41.691391,662.132588,302.658669,109.196536,632.377567,249.488013,56.217260,681.133854,271.907353,132.417979,642.375260,225.114186,73.912284,696.346810,255.770202,89.228777,499.356730,328.832111,121.280956,714.099337,263.855978,132.988693,517.232189,311.512790,151.274945,687.698214,315.248948,182.838863,621.564177,357.934606,182.425559,757.640022
102,270.771713,25.135185,618.979972,311.265597,60.387393,639.608102,270.863894,41.308072,662.058019,302.736524,108.823320,632.897004,248.909310,56.041936,681.012761,272.922011,132.439457,643.759876,224.558204,74.025395,695.522017,255.729494,88.642992,499.857068,329.204947,121.277300,715.805474,263.839141,132.682508,517.467964,311.971170,152.782744,686.876604,315.585680,182.367579,623.109391,358.014669,180.791089,753.628239
103,270.644833,24.695238,620.157342,310.812782,59.975728,640.114198,270.306125,40.920016,661.797772,302.263327,108.343551,631.746844,248.928343,56.052634,681.834211,272.342620,132.201947,642.552108,224.777428,74.208712,696.502837,255.978169,88.254040,500.999314,328.950736,120.692617,715.328633,263.382545,132.696536,517.412780,313.925564,151.503640,688.751875,314.548667,182.310420,621.716993,358.094893,179.156628,749.617035
104,270.360854,24.264068,620.280379,310.312622,59.523180,639.547841,269.883259,40.487181,661.835287,302.318956,107.907591,632.385057,249.616874,55.973929,682.768139,272.034851,131.833137,641.703937,224.779690,74.360251,696.698983,255.710643,87.664410,500.610874,327.918666,119.991393,713.460362,263.242431,132.268302,516.687575,312.029278,150.282055,687.240430,315.073654,181.979130,621.540506,358.174744,177.522165,745.605521
105,270.411053,23.804809,620.456437,310.436094,59.021507,640.126197,270.407137,39.982453,662.992470,302.959391,107.398606,633.186104,250.130208,55.741175,683.080581,272.464987,131.613168,641.482677,225.108067,74.378741,696.781058,256.049885,87.148008,501.322030,328.202512,119.252668,713.713472,262.751549,131.567209,515.283750,314.445016,148.984327,689.919255,315.071078,180.906346,620.359440,358.254771,175.887718,741.593975
106,270.498517,23.152818,620.525324,310.338327,58.281382,639.708100,270.399559,39.323201,662.393975,303.221871,106.617144,632.056653,250.601813,55.243997,682.937555,272.836189,131.234943,640.146056,225.647521,74.145532,696.796538,256.254814,86.474306,501.351639,327.955497,118.208615,712.636031,262.678181,131.034318,514.420996,314.316737,148.123365,688.746190,315.139375,180.059767,619.209775,358.334801,174.253262,737.582522
107,270.686593,22.047279,621.655251,310.727596,57.192261,640.496384,270.916797,38.420353,662.893227,304.231356,105.724654,633.014048,251.712959,54.290973,683.860913,273.556908,130.615879,640.463535,226.666742,73.160396,697.070967,256.721555,85.763069,501.921157,329.095225,117.150906,714.342078,262.315178,130.170029,512.535944,314.565365,148.112284,687.583612,314.807911,179.665123,617.274187,358.414851,172.618770,733.571451
108,270.858718,20.682282,620.838626,311.051518,55.823324,640.129902,271.302346,37.324417,663.097081,304.770119,104.367605,632.518288,252.519170,53.129013,683.777822,274.253778,129.572138,639.759192,227.716694,71.821752,697.386903,256.941617,84.791778,501.840781,329.452766,115.649677,714.918217,262.208250,129.890816,513.230633,314.539887,148.416803,685.846250,314.894432,180.182283,618.175358,358.494865,170.984351,729.559552
109,271.276831,19.314317,620.263278,311.833997,54.562611,640.107176,272.194896,35.831856,663.111927,306.029753,103.123801,632.279854,253.552533,51.694210,683.407649,275.856027,127.602987,640.726523,229.039568,70.677518,696.571456,257.551944,84.017582,502.532629,330.411610,114.345917,716.253979,262.643537,129.786722,512.712383,314.999532,149.081778,685.181228,315.427448,181.356642,617.100631,358.574897,169.349883,725.549600
110,271.993387,18.258672,620.663951,312.949131,53.566667,640.625572,273.484319,34.161133,663.601802,307.792451,101.918650,632.576360,254.272615,50.349184,683.410657,277.518355,125.260922,640.928551,230.336890,69.416645,695.834392,258.457347,83.444656,503.706873,330.863317,113.224172,716.401750,262.505273,129.618674,511.252982,315.181806,149.650908,683.857975,315.493195,182.407413,615.536779,358.654928,167.715451,721.536576
111,272.889361,17.694622,620.684422,314.317753,52.822150,641.164844,274.888367,32.683476,664.178667,309.825152,100.873623,632.825605,255.369511,48.656791,683.455605,279.279202,123.754563,640.378431,231.780244,67.904412,696.198581,259.353943,83.006793,503.932657,331.337601,112.515375,717.352963,262.763729,129.425066,511.472658,315.793381,150.487582,683.980558,315.804462,183.373843,616.199093,358.734856,166.081023,717.525020
112,274.141422,17.152150,619.710455,315.621881,51.994081,640.321359,275.980050,31.618738,663.716795,310.806495,99.727531,631.424106,256.299439,47.052790,682.511953,280.317189,122.264779,638.572693,233.480042,66.577057,696.246487,259.790855,82.638517,504.106164,331.236262,111.630501,716.248864,263.227664,129.129483,511.543294,316.035538,151.010728,683.225345,316.515225,183.156294,617.013835,357.485873,164.293002,713.962640
113,275.728511,16.456025,620.270942,317.125457,51.304858,640.906157,277.522998,30.605491,664.591390,312.854777,99.016018,631.908824,257.334074,45.766693,682.398468,282.241705,121.081654,639.568793,235.067082,65.507089,695.941256,260.720484,82.623712,504.761483,332.493934,110.957406,717.886017,263.511430,128.739905,511.378543,317.083773,151.614173,684.753310,316.510401,182.105648,615.875979,350.011695,156.272493,689.341855
114,276.833637,15.556956,620.969951,318.596601,50.806915,640.877932,278.949516,29.548416,665.079080,314.699114,98.257195,632.250542,259.175657,44.591593,683.781742,283.845074,119.541765,639.077944,236.966881,64.591906,697.659596,261.335909,82.589825,505.391303,333.260703,110.146331,718.789862,264.271747,128.614926,511.844852,317.304344,152.090323,684.121699,317.751431,181.669895,616.964005,359.956939,163.992922,699.646743
115,277.459926,14.551175,620.995759,319.982723,49.897879,640.705440,280.200682,28.409942,665.067408,315.947836,97.196485,631.905774,260.381517,43.366889,683.071209,285.206300,117.911279,638.515896,238.536352,63.442908,697.955582,262.166357,82.207054,505.951196,333.359303,109.424993,718.645011,264.582279,128.293835,512.267574,316.517126,150.125691,686.728337,318.577178,180.427006,616.654126,371.450304,163.966492,719.316155
116,277.851746,13.382351,620.543751,321.091771,48.690429,640.301246,281.324050,27.144210,664.983516,317.413073,95.894027,631.118971,261.667384,42.051182,682.473882,286.561365,116.196790,638.778080,240.191374,62.277666,698.661476,262.646091,81.689818,506.072061,334.398531,108.704751,719.600043,264.870700,128.025186,512.491904,313.901838,147.699472,686.566783,319.584425,178.847562,617.489370,386.052829,167.212594,745.748468
117,278.906567,12.066371,621.028338,322.713760,47.334817,640.795994,282.686633,25.715253,665.577044,318.815867,94.523970,630.621805,262.641998,40.723033,682.423384,287.897323,114.400867,638.070985,241.883840,60.977116,698.760076,263.444789,81.116512,506.603797,334.803298,108.128225,719.976673,264.936043,127.763004,511.690811,312.409106,143.569083,685.195446,319.932772,177.276238,616.942253,0.000000,0.000000,0.000000
118,279.557266,10.597609,620.526464,323.919927,45.904083,641.192845,283.715798,24.181874,666.314267,320.576285,92.740392,629.977463,263.604463,39.371161,682.389082,289.353061,112.586706,637.687793,242.976281,59.563845,698.844380,263.984889,80.190410,507.547542,334.852440,107.274590,720.359451,265.551436,127.262914,511.391376,314.341082,142.790305,689.262429,321.096355,175.449084,616.639864,0.000000,0.000000,0.000000
119,280.473161,9.008729,620.931051,324.656295,44.214574,640.859937,283.882970,22.567149,665.495434,320.590827,90.894828,628.493885,264.449302,37.963066,682.983374,289.590367,110.774925,636.440050,244.057605,58.272970,699.375480,264.038600,78.937687,507.729134,334.162681,105.806322,718.818668,265.708792,126.866415,510.286899,310.973606,139.226364,686.260043,321.569229,174.048369,615.706709,0.000000,0.000000,0.000000
120,280.851186,7.290818,620.259302,324.864611,42.382075,640.159933,284.449804,20.876365,666.148940,321.461179,88.944732,627.979418,264.641812,36.458364,682.336272,290.853836,109.094642,636.180390,244.603968,56.832413,699.202947,263.822246,77.475946,507.390826,334.587848,104.166136,720.630814,266.631991,126.058734,511.391176,311.101354,137.121092,687.412487,322.481199,172.265210,616.293520,0.000000,0.000000,0.000000
121,281.232689,5.543960,619.856011,324.794857,40.382331,639.440389,284.737574,19.184391,666.384681,321.856843,86.975387,627.688846,265.189093,34.930280,682.241241,291.687984,107.190465,635.688558,245.215717,55.336944,699.243448,263.725272,76.102032,507.388005,335.159140,102.597730,722.234668,266.590387,124.798390,510.959820,314.509347,137.210505,689.645860,323.511676,170.253864,616.957581,0.000000,0.000000,0.000000
122,281.436515,3.814272,619.054344,324.884742,38.302768,638.850043,284.744688,17.474113,666.139545,322.339697,84.733957,627.934097,265.289768,33.528021,682.336609,292.489940,105.209924,636.292281,245.364622,54.017328,698.214705,263.559786,74.720994,507.594066,335.625342,100.937589,724.011090,266.390643,123.446142,510.007929,311.843545,135.353032,690.237362,324.202508,168.103847,616.876829,0.000000,0.000000,0.000000
123,281.691402,2.142167,618.784801,325.338176,36.269295,638.682324,285.098410,15.682144,666.493509,322.387102,82.511902,627.666689,265.435279,32.041026,682.550597,292.729393,103.125556,635.499262,245.642845,52.489591,699.127932,263.395239,73.251614,508.350963,336.789628,99.113758,727.284069,266.914527,121.569142,510.908241,313.995384,136.012406,692.404173,324.907728,165.724705,616.699896,0.000000,0.000000,0.000000
124,282.391632,0.521644,619.885452,325.862706,34.316545,639.310432,284.804051,13.945188,666.785399,322.778339,80.253519,628.169886,265.303779,30.385126,682.380178,293.062473,101.056409,634.819068,245.970952,50.795931,700.207073,263.234147,71.874640,508.394262,336.681319,97.217900,728.424293,267.242374,120.315442,511.122370,314.390218,135.017359,694.380237,325.293909,163.477280,616.562969,0.000000,0.000000,0.000000
125,282.697278,-0.960889,620.133713,325.982446,32.423507,639.352215,284.404377,12.216174,667.294986,322.953355,77.980091,628.008038,265.103282,28.641846,682.185213,294.206502,98.929525,636.047161,246.172969,49.067696,699.376989,263.191045,70.537538,507.764146,337.308439,95.272674,730.537696,267.155165,118.773478,510.474306,316.658830,137.338832,697.767413,325.094870,161.391918,617.719376,0.000000,0.000000,0.000000
126,282.794346,-2.439697,619.877936,326.119844,30.501776,639.539031,284.216628,10.441605,667.678426,323.221882,75.732922,628.501980,264.812122,26.861162,681.942565,294.783104,96.795142,636.809250,246.302174,47.275216,698.388954,263.222912,69.051779,507.247774,337.965728,93.350101,733.128077,266.890120,117.055267,509.658959,316.681900,137.214995,700.263449,326.015715,159.059436,616.483994,0.000000,0.000000,0.000000
127,283.322929,-3.956702,620.139568,326.160096,28.587211,639.263514,283.705052,8.649330,667.793592,323.142249,73.549781,627.551837,264.873489,25.059377,683.194228,295.133235,94.676692,635.704301,246.366174,45.471894,699.458632,263.262015,67.467131,507.237013,337.310817,91.299036,733.418367,267.014105,115.300278,509.776694,316.295704,136.169151,702.567117,327.923754,157.141052,617.210323,0.000000,0.000000,0.000000
128,283.317816,-5.520640,619.861862,326.301589,26.710967,639.419055,283.718129,6.857844,667.902437,323.147165,71.441145,627.227029,265.162615,23.251054,684.230777,295.211291,92.521070,634.381553,246.508052,43.691252,699.300428,263.282450,65.942535,506.792683,337.163215,89.385182,734.438431,266.971418,113.524223,509.251117,314.873275,134.991652,702.854553,327.885360,156.122605,617.356589,0.000000,0.000000,0.000000
129,283.637794,-7.016954,620.041401,326.408503,24.879385,639.585151,283.491087,5.087311,667.608756,323.228172,69.312433,626.874623,264.947565,21.474895,683.568244,295.179239,90.548444,634.030961,246.479834,41.954333,698.731379,263.404135,64.687486,508.102582,336.548804,87.324401,733.257398,267.348451,112.592328,510.270458,314.276590,133.155240,704.433957,326.012349,154.750249,617.894292,0.000000,0.000000,0.000000
130,284.124797,-8.511518,620.113630,326.385052,23.182614,639.613688,283.115451,3.369101,667.495874,323.536564,67.307591,626.970916,264.589601,19.761301,682.991126,296.085988,88.904684,635.157768,246.611956,40.265154,698.076556,263.069008,63.288130,508.198506,335.802448,85.388275,734.008784,266.581135,110.943075,509.424918,314.356184,132.047817,707.669463,324.801813,153.545980,617.840529,0.000000,0.000000,0.000000
131,284.354716,-9.901257,619.988945,326.463219,21.573267,639.576901,283.089742,1.769727,667.090851,323.622416,65.526452,626.771820,264.524939,18.167888,683.187223,296.436610,86.943451,635.354113,246.850821,38.638852,698.298067,262.560131,62.067362,508.703909,336.191281,83.888043,735.147190,265.950007,109.477008,507.965938,313.290589,129.048550,711.208235,323.574665,152.309397,618.263752,0.000000,0.000000,0.000000
132,284.992919,-11.284391,620.696283,326.535518,20.128553,639.686521,282.841023,0.274372,666.905951,323.612883,63.738446,626.007655,264.525312,16.809013,682.528338,296.353484,84.932240,635.091612,246.897685,37.201985,697.028513,261.989743,61.051868,508.886958,334.997624,82.106586,735.421475,265.281374,107.493799,506.330944,312.051544,126.595037,714.295124,323.874746,150.535401,618.731079,0.000000,0.000000,0.000000
133,285.217604,-12.730452,620.141169,326.678424,18.765125,639.145943,282.856975,-0.916735,666.516168,324.204216,62.222410,625.906134,264.972227,15.536918,683.311972,297.048809,83.278709,635.142865,247.033149,35.968656,696.763990,262.144704,60.013587,509.671466,334.383837,80.414161,735.473055,265.470602,106.425417,507.969863,311.605242,124.539685,715.489118,322.583970,149.550861,618.883915,0.000000,0.000000,0.000000
134,285.909717,-13.729041,619.865256,326.817704,17.689921,639.409423,283.133462,-1.907964,667.134813,324.421839,60.963794,625.567099,265.495386,14.295355,682.980381,297.688959,81.596584,634.329708,247.451201,35.010718,695.999875,262.044597,59.267300,511.104236,334.246676,79.089337,737.823242,265.553758,105.799578,509.942089,310.759381,122.725359,717.699790,321.336707,148.792606,619.194933,0.000000,0.000000,0.000000
135,286.420705,-14.391965,620.609765,327.422987,16.801407,638.976711,284.165381,-2.976224,666.545533,325.907877,60.122574,625.597191,265.655957,13.398355,683.041395,298.762520,80.478135,634.595369,247.904812,34.009357,695.871809,261.843044,58.516693,511.004453,333.972113,78.055461,737.049972,265.221657,104.517373,511.006556,308.726432,120.512598,717.818358,321.933067,147.065102,620.893430,0.000000,0.000000,0.000000
136,286.997221,-14.993268,620.923114,328.690988,16.064641,639.409031,284.892287,-3.705278,667.045021,327.179537,59.339633,626.807594,265.385112,12.705622,682.581181,299.393104,79.974576,636.446680,248.618755,33.339082,696.057607,261.558456,58.008278,512.408397,333.464380,77.313167,738.104320,264.726873,103.662414,510.438507,308.593415,118.402667,720.327508,322.070585,144.706869,619.924870,0.000000,0.000000,0.000000
137,287.890697,-15.552754,620.889303,329.887716,15.391428,639.345919,285.145153,-4.236494,666.947981,327.634749,58.583120,626.545684,264.803774,12.156214,681.788615,300.041561,79.381178,636.762926,248.443636,32.812332,694.215129,261.108683,57.540114,512.805030,332.527366,76.809023,737.906507,264.463886,103.053219,510.074514,307.585548,118.845552,722.728510,322.587073,142.769863,620.280156,0.000000,0.000000,0.000000
138,287.872808,-15.764414,621.149667,329.797125,14.901628,639.190686,285.061478,-4.635380,666.480564,327.613226,57.985819,625.951948,264.072740,11.889575,681.658246,300.352592,78.939224,635.355585,248.199987,32.375655,694.370945,260.733561,57.254092,513.250782,330.875267,76.191063,736.061900,263.937439,102.396876,508.847282,305.008001,116.295854,719.577835,322.728453,141.139764,619.829346,0.000000,0.000000,0.000000
139,287.373853,-15.969892,621.015930,329.368768,14.519020,639.565819,284.803877,-4.810212,667.146668,327.028690,57.545658,625.886372,263.790226,11.661628,682.201956,299.785440,78.649048,634.815059,247.912063,32.172666,694.867090,260.406570,56.983121,512.693935,330.147225,75.765276,736.705480,263.842130,101.928819,507.765304,303.236899,114.731200,721.075147,323.026704,139.634705,619.696807,0.000000,0.000000,0.000000
140,286.786478,-16.201065,621.068710,328.923407,14.213148,639.784475,284.210539,-4.976212,667.964954,326.620156,57.163894,626.542353,263.172352,11.663911,682.536633,299.612567,78.409911,636.066416,247.100906,31.997268,694.183900,259.983069,56.901484,513.101146,330.077810,75.353902,737.955813,264.081856,102.165214,509.165936,302.241714,111.927752,724.681449,323.106624,140.500895,621.090850,0.000000,0.000000,0.000000
141,285.845030,-16.312853,620.471073,327.912569,13.957212,639.621119,283.098355,-4.987131,667.750758,325.375417,56.838738,627.046970,262.379549,11.610121,681.652188,298.687307,78.265766,636.510933,246.157223,31.927269,692.985432,259.302807,57.064016,512.948221,329.442318,75.135843,738.724141,264.447218,102.321635,510.298121,302.139409,106.680050,725.918120,324.527377,140.759533,622.745614,0.000000,0.000000,0.000000
142,284.878042,-16.328408,620.768942,326.739313,13.862366,639.517064,281.915626,-4.998551,667.583139,324.069778,56.693688,626.655250,261.276311,11.718391,680.640613,297.727495,78.356369,635.726263,245.376065,31.982892,691.614964,258.756540,57.140545,513.308260,329.339230,75.234357,739.618343,264.384195,102.508506,510.482646,300.860148,102.605609,726.860717,324.527434,141.908406,622.434233,0.000000,0.000000,0.000000
143,283.905659,-16.155854,621.209097,325.646421,13.792783,639.431960,280.387585,-4.745287,667.106823,322.994219,56.583426,626.406390,260.253643,11.998319,680.358818,296.883252,78.518594,636.734494,244.372459,32.103186,691.486476,258.071826,57.242975,513.319744,328.859813,75.820413,740.782010,264.324621,102.727147,510.875396,300.096334,101.338197,726.241670,324.685776,143.106869,621.755181,0.000000,0.000000,0.000000
144,283.007994,-15.981250,620.927674,324.780882,13.557819,639.221028,279.247842,-4.441447,666.981454,321.861060,56.440667,625.919604,259.314546,12.379444,680.472347,296.109401,78.597225,637.047767,243.331115,32.370623,691.953411,257.264062,57.258506,513.473101,328.299627,76.141402,740.161387,264.010169,102.779785,511.430091,299.197440,102.954608,725.901396,325.228468,143.512001,622.236109,0.000000,0.000000,0.000000
145,282.194217,-16.385264,620.869321,323.680320,12.423296,638.782097,278.222641,-4.658855,666.014328,320.751023,55.652574,625.950016,258.186909,12.456518,679.649346,295.336445,78.669946,637.304745,242.180540,32.409971,690.600548,255.952257,56.961882,512.242910,326.961924,75.174786,737.861020,262.058595,102.376706,510.057196,298.570368,104.795127,725.765033,322.406914,143.486800,619.922831,0.000000,0.000000,0.000000
146,281.340427,-17.187599,621.434395,322.486819,11.501312,639.293220,277.118784,-5.145530,666.577821,319.714214,55.192015,626.887024,257.164833,12.243178,680.147436,294.730956,78.689832,638.022134,241.013641,32.045472,691.887473,255.285138,56.528739,512.879871,325.890118,74.718950,737.758392,261.857446,102.399331,510.795549,298.166463,107.072501,727.042996,322.731445,143.491718,620.237687,0.000000,0.000000,0.000000
147,280.452986,-17.762943,621.338281,321.312686,10.880537,639.347896,275.895843,-5.497870,666.280085,318.730823,54.633550,626.853796,256.134148,11.894518,680.066597,293.271418,78.601511,637.678720,239.745720,31.956380,691.441866,254.462686,56.197292,512.364008,325.140987,74.629592,738.127153,261.553523,102.182873,511.480307,297.800858,109.085075,727.072498,323.589507,143.502960,620.990436,0.000000,0.000000,0.000000
148,279.529753,-17.844996,621.794470,320.156788,10.801702,639.422635,274.631777,-5.252541,666.704572,317.780702,54.825658,626.767787,255.120909,11.905207,679.291852,292.603473,78.961252,637.881634,238.244876,31.917908,689.408500,253.622386,56.118637,512.088235,325.143003,75.082458,739.691714,261.282141,101.011675,512.865851,297.273972,110.898150,726.396477,323.727737,143.217412,622.216354,0.000000,0.000000,0.000000
149,278.530144,-17.265515,622.306095,318.984719,11.425082,640.254666,273.387777,-4.874556,667.469469,316.930823,55.833809,628.242683,254.192200,12.424851,680.363472,292.005015,79.575439,640.396636,236.982961,32.280206,690.683253,252.769949,56.349714,512.505342,324.862296,75.925312,741.351884,261.190973,100.590587,514.355189,297.474637,113.225397,727.057374,323.676435,142.774105,623.592002,0.000000,0.000000,0.000000
150,277.417235,-16.556321,621.793565,317.813610,12.471565,639.748830,272.155321,-3.927074,666.622818,315.944845,57.007613,627.636530,253.123672,13.099227,679.663327,290.423084,80.449349,639.424970,235.672152,32.888727,690.997792,251.862499,56.694221,512.109417,324.392038,76.847531,740.707853,261.195771,100.516099,515.022208,298.069396,113.699581,725.943063,324.800492,141.398385,624.972136,0.000000,0.000000,0.000000
151,276.403480,-15.765350,621.563135,316.903129,13.653364,639.357235,271.247563,-2.787619,666.395485,314.819188,58.271463,627.718148,251.978158,13.915963,679.464852,289.377536,81.380621,639.185654,234.180695,33.612834,691.350741,250.865357,57.113950,510.236709,324.150110,77.745393,739.739365,260.492681,100.738525,515.348690,298.776551,114.999863,724.511147,323.210801,140.223643,625.582019,0.000000,0.000000,0.000000
152,275.842897,-14.914409,621.989828,316.236840,14.868194,639.762318,270.933459,-1.578086,666.335766,314.153887,59.578490,628.261161,251.234390,14.861879,680.231422,288.922109,82.387788,640.530104,233.185581,34.416967,690.754963,250.482280,57.512395,509.518170,324.056374,78.631209,740.559924,260.109559,101.068012,514.521118,299.104654,115.912461,724.352353,319.345187,140.041151,623.758100,0.000000,0.000000,0.000000
153,275.372831,-14.062506,622.113394,316.027014,16.140820,639.770339,270.389732,-0.340837,666.033991,312.970005,60.916127,628.045561,250.609795,15.842126,681.067547,287.159849,83.421592,639.160968,232.406839,35.325655,690.934321,250.717110,57.913641,509.239395,323.548875,79.560800,738.359660,259.239781,101.456447,512.954971,300.441094,117.573132,723.804073,316.823815,139.605821,621.916537,0.000000,0.000000,0.000000
154,274.817636,-13.162977,622.464027,315.181537,17.461847,640.462141,269.788948,0.912106,666.292233,312.132888,62.247592,628.497758,250.318983,16.849921,681.783989,286.120910,84.444234,639.971982,231.499638,36.260172,691.672622,250.628166,58.254799,509.326093,324.284866,80.479321,739.874887,259.118193,102.103043,512.123114,301.252764,119.578227,725.175665,316.595757,140.990042,620.764305,0.000000,0.000000,0.000000
155,274.205503,-12.194663,622.356826,314.382252,18.794015,640.808670,269.342358,2.130458,667.245165,311.382467,63.601358,629.356109,249.556628,17.761021,682.565054,285.268817,85.417977,640.733659,230.267716,37.205693,691.387234,250.204584,58.566561,509.231617,324.506654,81.365819,741.157539,258.571720,102.517090,513.230194,301.519881,120.029227,727.044339,315.165479,141.482520,622.025515,0.000000,0.000000,0.000000
156,273.636480,-11.071163,622.366847,313.670729,20.162605,641.341609,268.757594,3.314769,668.304119,310.913938,65.093578,630.309459,248.914722,18.608780,683.263840,284.978743,86.539990,642.640875,229.139145,38.116750,691.379977,249.844778,59.160701,508.879841,325.950377,82.393671,742.255586,259.113506,103.016716,513.723782,304.602973,123.809065,729.546511,315.756439,142.738727,622.498828,0.000000,0.000000,0.000000
157,273.066467,-9.924101,622.395825,312.967337,21.548945,641.619625,267.932312,4.479032,667.909792,310.045964,66.451624,630.127962,247.930880,19.336103,682.952855,283.970485,87.437215,643.058501,228.087579,38.914423,690.392071,249.402274,59.732108,508.785945,325.640803,83.479400,741.537510,258.863809,103.731067,513.241022,304.834117,124.318000,728.770121,316.075155,143.809132,622.432181,0.000000,0.000000,0.000000
158,272.223522,-8.712107,622.058472,312.342313,22.989890,642.458379,267.766914,5.583785,669.061098,309.177070,67.791253,630.296001,247.506224,20.251951,684.110219,282.836670,88.426550,643.465480,227.461550,39.682484,691.461113,249.106741,60.331242,508.534106,325.324953,84.396657,742.239964,258.821660,104.462344,514.693176,304.077114,123.786283,728.223320,316.844176,145.128033,623.211115,0.000000,0.000000,0.000000
159,271.595118,-7.559517,622.225221,311.265287,24.450550,642.310373,267.163217,6.872418,669.278287,308.439726,69.130914,630.968369,246.712404,21.284929,684.107683,281.840236,89.411190,644.243649,226.500047,40.650002,692.463483,248.652348,60.914670,507.192863,324.425697,85.391981,740.404498,258.553492,104.812762,514.739265,303.866562,126.366332,727.771499,317.070122,146.112696,622.717918,0.000000,0.000000,0.000000
160,270.887453,-6.358675,622.517002,310.508233,25.916165,642.433517,266.388803,8.257400,669.504726,307.813780,70.430218,631.886446,246.089989,22.435478,684.415924,280.923684,90.549807,645.573144,225.304103,41.585782,692.208606,248.665105,61.807414,506.806325,323.541452,86.436588,739.293821,258.482048,105.723004,514.022292,303.333707,126.976281,727.005257,317.157231,146.930295,622.459789,0.000000,0.000000,0.000000
161,269.932876,-5.110001,622.138811,309.605667,27.403790,642.133255,265.280456,9.647778,668.698113,306.941458,71.782357,631.460865,244.864677,23.598423,683.909503,280.232845,91.720121,647.321413,223.941523,42.636628,691.188864,248.179286,62.647429,505.482484,322.885005,87.736913,738.418504,258.846388,106.493010,514.147000,302.106040,127.236779,726.325427,317.922560,147.712466,623.322214,0.000000,0.000000,0.000000
162,268.912929,-3.899235,622.396110,308.597587,28.882520,642.433037,264.301001,11.058624,668.738156,305.789847,73.280353,631.434910,244.111618,24.836876,685.029401,278.859411,92.820610,646.288716,222.674940,43.694525,691.077337,247.551762,63.365485,504.893986,322.566188,88.918072,738.769175,259.133363,107.451940,515.653466,301.561248,128.061607,726.743804,318.647818,148.350139,624.651141,0.000000,0.000000,0.000000
163,267.900201,-2.760750,622.574209,307.431054,30.411623,642.272454,263.356858,12.428662,669.092831,304.656495,74.675375,630.987859,243.027845,26.048312,684.825367,277.511386,93.893235,645.213451,221.454632,44.808938,691.083057,246.991315,64.025022,504.194453,322.264856,90.104904,738.246417,259.088356,108.221168,516.777752,300.438535,127.810504,725.491969,318.987553,148.848754,625.119936,0.000000,0.000000,0.000000
164,266.905977,-1.663349,622.666591,306.257945,31.900217,642.293242,262.390400,13.754347,668.874330,303.602385,75.964231,630.577684,242.002888,27.199025,683.739869,276.396232,94.862450,645.047275,220.341959,45.844094,690.123821,246.351595,64.765335,503.126427,322.026266,91.345186,737.731247,258.897709,108.678577,516.138670,299.435795,128.994609,725.405431,318.376371,149.627050,623.767217,0.000000,0.000000,0.000000
165,265.966315,-0.643189,622.964282,305.307306,33.120789,642.828321,261.423198,15.121795,669.503607,302.554008,77.144610,630.556375,240.895293,28.205575,683.202347,274.984688,95.709648,644.566088,219.223533,46.890058,690.327880,245.622013,65.463859,503.105882,321.843553,92.623668,738.032835,258.875463,109.297744,516.574118,300.155937,129.354005,726.828949,318.282913,150.431850,623.360419,0.000000,0.000000,0.000000
166,264.879495,0.224324,623.055881,304.249214,34.295990,642.316645,260.367299,16.310505,669.143322,301.661833,78.250810,630.758221,240.080882,29.233466,683.939245,274.343373,96.464810,645.530826,218.634483,47.876020,690.744399,244.872935,66.118127,502.035160,322.396705,93.964050,738.942883,258.700223,110.091258,517.105827,300.142532,130.466059,725.169538,317.718622,151.347171,623.311716,0.000000,0.000000,0.000000
167,264.147496,0.924565,623.598408,303.266351,35.407255,642.367177,259.363156,17.424563,668.559923,300.750036,79.142364,630.837638,238.975282,30.206299,683.216835,273.477843,97.155791,645.267910,217.659364,48.728590,691.095669,244.092704,66.666537,501.607301,321.746008,95.124157,737.438329,258.681558,110.871993,517.974872,298.893338,130.371361,722.451010,317.862048,152.310120,623.993336,0.000000,0.000000,0.000000
168,263.203712,1.397828,623.895548,302.552234,36.145739,642.938119,258.741859,18.490083,669.265300,300.327211,79.577054,631.171688,238.034055,30.943398,683.962171,272.960593,98.058749,646.479721,216.810199,49.743907,692.031751,243.721214,67.169877,501.938837,321.342766,96.264756,737.924125,258.622482,111.230057,518.121842,298.536094,132.946021,720.552353,317.638258,153.149501,623.884132,0.000000,0.000000,0.000000
169,262.188439,1.889227,623.133848,301.499163,36.613887,642.897314,257.835202,19.222406,669.358734,299.795563,79.773811,632.227920,237.149168,31.765689,684.754738,271.610752,98.762088,645.390080,216.242834,50.461468,693.118275,243.046388,67.501479,501.765209,320.699231,97.594256,737.201083,258.814502,111.455465,519.318023,298.416383,136.362266,718.460734,317.458013,152.909469,623.508924,0.000000,0.000000,0.000000
170,261.408991,2.219046,623.074907,300.802554,37.022831,642.937308,257.079141,19.767342,669.495713,299.373093,80.194222,633.015441,236.179748,32.429329,684.132428,270.659563,99.434648,646.055405,215.418618,51.112715,693.768770,242.323861,67.688742,500.874072,319.804501,98.557534,736.415666,258.433952,111.527676,518.364467,298.451252,137.423433,718.135864,317.673728,153.033510,622.657348,0.000000,0.000000,0.000000
171,260.751272,2.308180,623.357800,300.114228,36.899318,643.261440,256.307983,20.249520,669.743811,298.871852,80.594140,633.556878,235.568232,32.930304,685.639692,270.087260,99.953375,646.824315,214.994197,51.697466,695.649554,241.631395,67.972604,500.779749,318.494452,99.276380,736.443910,258.018584,111.640265,517.074785,298.915485,139.783392,716.421774,317.915369,152.971146,621.713259,0.000000,0.000000,0.000000
172,260.016334,2.295114,623.552266,299.611211,36.895740,644.225667,255.735114,20.544311,670.502169,298.403347,80.857882,634.251393,234.924023,33.264924,686.767642,269.491504,100.275052,647.398061,214.388800,52.096099,696.861999,241.396996,68.295575,501.659858,318.428938,99.834439,737.966936,258.030128,112.085622,518.410850,300.195472,141.559923,715.652417,317.269315,152.179165,621.214535,365.565087,211.485617,786.297608
173,259.081691,2.265319,622.831729,298.589886,36.853932,643.666405,254.800234,20.618331,670.003443,297.896592,80.836826,633.512496,234.066361,33.390458,685.971972,268.255462,100.345999,646.384722,213.472826,52.335089,695.960669,240.838475,68.425817,500.986925,318.679244,100.210249,738.889033,257.537062,111.933296,517.188930,301.367433,143.245230,716.653377,316.373144,151.236725,620.530533,360.538099,206.065130,778.982630
174,258.318476,2.254175,623.317410,298.101018,36.575496,643.991163,254.134182,20.513724,670.811873,297.781330,80.737919,634.221391,233.394678,33.465612,686.002067,268.333600,100.389997,647.928583,212.941990,52.425503,696.554056,240.579287,68.478924,501.152681,318.346908,100.410525,739.529077,256.891992,111.598713,516.267712,302.095396,144.322703,718.182995,314.850171,150.399474,620.163884,362.395631,210.446121,787.461129
175,257.815226,2.199603,623.267099,297.525519,36.299066,644.427500,253.386934,20.240786,671.300440,297.521650,80.524474,634.373831,232.529434,33.470000,686.651033,267.848440,100.145623,648.268289,212.150205,52.437385,697.429712,240.295501,68.520139,501.136079,317.771366,100.460342,740.040118,256.220554,111.436445,516.205063,302.893594,144.832574,719.548644,313.291169,149.461058,619.395011,360.444816,211.632256,790.837086
176,257.326604,2.148732,622.902119,296.948086,36.032811,644.049410,252.663291,19.987265,670.564208,296.989469,80.296306,633.821783,231.247159,33.364462,684.815579,267.278481,99.865632,648.423600,210.881278,52.385974,695.891398,240.071963,68.445544,501.059139,317.484951,100.411184,739.843412,255.533244,111.286005,516.319981,301.865353,145.028251,719.889424,311.985855,148.472065,619.091407,354.324300,207.336850,780.096654
177,256.624050,2.078829,622.981285,296.336841,35.755697,643.483215,252.008294,19.650555,669.753698,295.599231,79.998527,633.305577,230.688738,33.123374,684.390501,265.726297,99.436637,646.359857,209.898905,52.167695,696.030477,240.605574,68.199745,500.820460,317.363406,100.250157,739.995350,255.170416,110.819673,515.905382,302.370829,144.251504,718.673439,311.428025,147.940045,618.508243,348.535146,205.010684,774.009586
178,255.993476,2.006771,623.719757,295.795723,35.366853,643.995803,251.113894,19.312752,669.859595,295.025915,79.577044,633.464417,230.052676,32.805026,685.044924,264.998689,98.861011,646.819310,209.200570,51.832458,696.801022,240.276307,67.896842,500.632089,316.529367,99.997717,741.165537,255.458049,110.431332,515.952179,302.609069,144.124711,718.530586,311.056366,147.702156,618.151216,346.235542,205.231498,777.681427
179,255.161265,2.001866,623.587391,295.063944,35.005200,644.201781,250.119840,18.941393,669.612959,294.548140,79.081738,634.678978,229.268087,32.331525,685.811764,264.346500,98.046647,647.861395,208.735379,51.437164,697.592163,239.493920,67.749145,500.829246,315.075037,99.636864,740.259807,254.706109,110.199421,515.275528,302.115786,143.588174,717.044536,310.194317,146.901906,617.775290,345.089288,205.455229,782.133568
180,254.465123,1.966248,624.092841,294.362969,34.601502,645.047648,249.234537,18.517677,670.373157,293.626028,78.645313,634.340034,228.558411,31.704786,686.187955,263.547609,97.243156,647.357661,207.935545,50.870755,697.505889,238.752198,67.469232,501.467148,313.756893,99.355655,740.400992,254.344367,109.917867,516.218862,301.549411,143.356769,717.784847,309.966207,146.474911,618.784875,340.169456,204.138955,778.539776
181,253.617665,1.771298,623.660855,293.608379,34.159168,645.362017,248.321160,18.020299,671.069244,293.071239,78.126488,634.767397,227.816460,30.979519,685.046537,262.978359,96.418560,646.807071,207.047550,50.191080,696.898501,237.998634,67.329601,502.627418,312.386426,98.928012,741.052536,253.835808,109.989103,517.812166,299.827587,143.289017,718.533601,309.654732,145.542190,620.040120,336.094868,202.093517,773.593071
182,252.806935,1.645342,624.335837,292.812011,33.665950,645.452269,247.363052,17.377912,671.055882,292.480356,77.401484,634.236562,227.040320,30.273761,685.963839,262.077608,95.569405,645.295427,206.192225,49.467479,698.261490,237.242715,67.510935,504.011638,310.449102,98.597847,741.147919,253.543997,110.109466,519.681203,299.165712,142.965186,717.809182,308.508808,144.602423,620.012353,333.600090,201.049002,773.709505
183,251.974276,1.545339,624.507587,291.989989,33.308998,645.047919,246.451641,16.621604,670.706558,291.305567,76.711638,633.517530,226.135439,29.338944,685.231148,260.997028,94.596503,643.420404,205.251090,48.677742,697.395745,236.432843,67.237672,504.570858,308.532338,97.868684,739.972531,252.737059,109.749022,520.002584,297.628616,141.892193,716.907369,307.993051,143.853629,620.849503,331.105334,200.004452,773.826300
184,251.144650,1.723483,624.623229,291.262444,33.012397,645.668361,245.565477,15.959753,670.826608,290.908627,76.551890,634.308000,225.500426,28.578896,685.681502,260.680027,93.985115,644.919822,204.524194,48.036762,697.637230,235.747274,67.336192,506.610157,306.843818,97.106288,739.996186,251.206390,109.193667,518.964297,295.408618,140.982712,717.233571,307.215422,142.732085,620.383452,328.610553,198.959888,773.943004
185,250.357651,1.499751,624.263705,290.534897,32.404894,645.767707,244.736583,15.455367,671.018939,290.680317,76.249434,634.333366,224.876296,27.932745,686.833351,259.982450,93.256113,644.198889,203.855513,47.249808,697.880237,235.057596,67.338980,507.482795,305.142719,96.526916,740.192671,250.514741,108.772626,519.179022,293.123557,140.163121,718.453370,306.510503,141.885967,619.829885,326.115771,197.915442,774.059704
186,249.594736,1.048526,623.952413,289.726453,31.517557,645.321846,243.913818,15.101655,670.847129,289.991050,75.434521,634.469673,223.933164,27.479467,685.023443,259.054465,92.385217,642.658685,202.916303,46.378150,696.025880,234.306985,67.137789,507.638133,303.375102,96.164137,740.805205,249.459562,108.028526,518.981316,291.541315,138.563731,718.676563,304.892693,140.342369,617.617190,323.621011,196.870825,774.176445
187,249.064676,0.512027,623.889865,289.257023,30.615863,645.602997,243.384370,14.594225,671.121602,289.673983,74.529042,635.231193,223.500621,27.064887,685.877252,258.809059,91.790090,643.757553,202.255214,45.799922,696.808394,233.931240,67.332480,508.096384,301.578160,96.050507,740.436876,248.426226,107.768968,517.912406,289.093830,138.346596,720.587057,303.909610,139.419578,616.834920,321.126256,195.826299,774.293174
188,248.774374,-0.177783,623.453360,288.750257,29.681456,645.992318,243.142484,13.888024,671.591640,289.097847,73.576314,635.477508,222.948771,26.553418,684.922008,258.604213,91.160376,644.782453,201.682473,45.187909,695.042865,233.636104,67.477460,509.812786,299.814485,95.977404,741.258919,247.295722,107.709821,518.716473,286.724010,137.807979,722.093207,302.300032,138.045279,615.058809,318.631495,194.781758,774.409902
189,248.432258,-0.877110,623.344597,288.568518,28.742596,646.426160,242.926799,13.070645,672.063987,288.906900,72.642699,635.713202,222.385605,26.009874,685.210083,258.262299,90.535198,644.633748,201.309803,44.592472,695.215839,233.139926,67.610073,511.267957,297.943917,95.875090,741.724787,246.570643,107.792771,520.006195,283.787139,136.995424,722.018338,301.476400,137.101382,615.029576,316.136717,193.737233,774.526645
190,248.120424,-1.570127,623.224256,288.661444,27.783171,646.647315,243.114459,12.250369,672.771178,288.977196,71.756276,636.448901,222.041368,25.434441,685.150295,258.393001,89.950328,644.778311,200.955772,44.046475,695.569533,232.582756,67.635116,511.764296,296.521227,95.801350,742.718593,246.519058,107.791278,520.381204,281.181751,135.890767,723.655435,301.136783,136.191543,615.647807,313.641949,192.692699,774.643370
191,247.757484,-2.256712,623.046125,288.309914,26.863539,646.619954,243.327350,11.428699,673.320402,289.306458,70.867928,637.344442,221.906240,24.851815,685.846363,258.027577,89.352575,644.745083,200.680750,43.572951,696.331544,232.051837,67.746042,512.714260,294.950614,95.703889,743.007600,246.512246,107.836519,522.291376,278.549146,134.370374,723.993210,300.820962,135.249497,616.320785,311.147189,191.648154,774.760096
192,247.447253,-2.898022,622.680340,288.150079,26.032882,646.150365,243.477717,10.568033,673.013946,289.223789,70.077763,637.299453,221.683694,24.268172,685.537140,257.751590,88.811750,644.774377,200.539101,43.092000,696.024895,231.230357,67.748978,512.727557,293.471524,95.528814,743.029961,245.459561,107.806864,522.702703,276.004527,133.092154,723.956426,299.624803,134.038007,615.885823,308.652421,190.603606,774.877246
193,247.251495,-3.511516,622.096993,288.172519,25.301396,645.912400,243.570880,9.775123,673.115278,288.914749,69.812989,636.472991,221.660511,23.757081,685.391689,257.390739,88.187857,643.846303,200.594229,42.620128,695.734547,230.590922,67.718869,512.797517,292.847938,95.368554,743.644356,244.499598,108.044063,522.176992,273.836699,131.352214,724.236819,298.781012,133.080928,614.329953,306.157651,189.559087,774.993567
194,247.082101,-3.974340,621.690036,288.110970,24.765900,645.715853,243.531684,9.026927,673.442045,288.560656,69.708737,636.314581,221.411706,23.267958,684.863474,256.874350,87.714316,643.435963,200.282684,42.202660,694.530731,230.357210,67.822088,513.045088,293.799127,95.427812,743.683383,244.079937,108.452479,522.900115,271.443274,129.044651,725.018602,298.534900,132.383626,614.643390,303.662737,188.514549,775.110302
195,246.948895,-4.369085,621.651488,287.966530,24.651857,645.107305,243.543309,8.532534,672.963581,288.365291,69.590381,636.369539,221.303171,22.951754,684.096078,256.347732,87.414500,642.756332,200.249453,41.794063,695.019573,229.790878,67.806892,512.857085,294.063336,95.712651,743.297956,243.528157,108.663598,522.650544,269.054528,126.937910,726.051654,298.268135,131.683172,614.368428,301.168116,187.470041,775.227024
196,246.943435,-4.324232,622.045080,288.013834,24.655007,645.522788,243.574308,8.114911,672.825347,288.400928,69.569923,636.224175,221.437040,22.632317,683.494473,256.095998,87.105769,641.777611,200.339094,41.380902,694.578202,229.649822,67.923622,512.972511,293.972285,96.004450,743.305881,243.600878,109.253863,523.122413,266.486898,124.648535,727.176636,298.650473,131.103470,615.565001,298.673346,186.425450,775.343724
197,246.982156,-4.263431,621.863521,288.248436,24.703039,645.527009,243.734354,7.780686,673.129308,288.424990,69.516155,635.857146,221.555247,22.283117,682.939856,255.971012,86.864504,640.426568,200.227197,41.012330,693.580658,229.661166,67.994171,513.203379,293.387993,96.142060,744.678926,243.611651,109.449239,523.844165,264.009445,121.920851,728.582376,298.889046,130.768724,616.786549,296.178568,185.380944,775.460581
198,246.966068,-3.884069,621.901748,288.416855,24.900765,646.071702,243.845270,7.760248,673.840672,288.416884,69.712980,636.315261,221.632130,22.041638,684.058050,255.910184,87.059108,639.585859,200.223345,40.840757,694.116706,229.813492,68.074702,513.742955,293.256451,96.147904,744.905759,243.026897,109.611241,522.594079,261.095712,118.746850,729.264374,298.127718,129.876781,616.107353,292.732049,184.021119,775.224802
199,246.895836,-3.430258,621.812107,288.538303,25.173438,646.453143,243.778868,7.838561,674.051964,288.394348,69.932837,637.348792,221.667206,22.033785,683.303499,256.093633,87.822198,641.099384,200.261529,40.782841,694.103348,230.097293,68.334036,514.259931,293.781468,96.259840,744.419289,242.436925,109.780109,520.974576,257.705628,115.130479,729.324040,297.361668,129.099578,615.685201,288.899385,182.967933,781.918777
200,246.717397,-2.851681,621.901595,288.674395,25.453563,647.262951,243.907298,8.188367,674.063897,288.455298,70.332880,638.279158,221.808367,22.289047,684.170210,256.587847,88.414073,642.351849,200.122807,40.869194,694.936099,230.686241,68.538247,514.569614,294.509898,96.349436,744.121866,241.651809,109.867356,519.111206,253.795382,111.256026,728.892697,296.784759,128.438170,615.446474,287.708925,188.741138,801.814497
201,246.518982,-2.326143,622.213068,288.783720,25.928063,648.028206,243.891414,8.819253,674.389807,288.934346,70.884223,639.019073,221.751290,22.779589,684.916971,257.007426,89.343403,643.422788,200.013219,41.491676,695.674120,231.181928,68.614503,514.910471,295.104396,96.555784,743.627742,241.095373,110.080789,517.411330,251.391566,108.598929,730.069087,296.805198,127.712272,615.572878,299.830558,180.610980,788.570280
202,246.360760,-1.892583,621.933620,288.687031,26.038242,648.199169,243.932018,9.456098,674.264280,288.585230,71.013299,639.691150,221.731549,23.244091,685.054862,257.124200,89.708286,644.530623,200.027387,42.064612,696.160525,231.560981,68.728280,515.157141,295.778893,96.653286,742.609872,241.034264,110.293481,517.006344,250.107567,103.782569,732.742573,297.200940,127.077030,615.990225,299.337140,179.474763,790.367340
203,246.323380,-1.576336,622.324218,288.862446,26.253153,648.956287,244.210141,9.620335,675.151940,288.402647,71.096004,639.662831,221.700810,23.274585,684.254180,256.940442,89.792640,644.129467,200.066288,42.077379,694.728343,232.185048,68.859217,515.546588,296.318760,96.732217,742.995401,240.744457,110.526937,515.633456,245.497792,98.542305,731.129403,297.857378,126.547076,615.962444,298.843713,178.338555,792.164136
204,246.199656,-1.261078,621.692343,289.140398,26.484312,649.168562,244.628094,9.802600,675.385702,288.231241,71.199356,639.919187,221.801841,23.293799,685.204731,256.787115,90.014257,643.682007,200.179047,42.043181,695.369543,232.710679,68.942369,515.831408,296.747235,96.800216,743.371078,240.406538,110.800671,513.492822,240.823284,92.580653,729.498431,298.964998,126.173376,616.286110,298.350253,177.202401,793.961384
205,246.335690,-0.997428,620.625140,289.363132,26.703760,649.204609,245.071195,9.988005,675.052483,288.060340,71.295741,639.400849,221.916970,23.307601,684.415497,256.515778,89.960596,643.219054,200.162387,41.933710,693.923788,233.081671,69.070819,515.612688,297.572435,96.775183,742.729619,240.048383,111.078501,512.322341,238.707711,86.813934,731.085802,300.418892,125.936855,617.001655,297.856805,176.066166,795.758062
206,246.605783,-0.739896,621.069387,289.729859,26.836785,649.252125,245.554044,10.118966,674.832057,287.970873,71.407293,638.595832,222.095330,23.115293,683.653962,256.678701,90.028503,643.935675,200.557206,41.866592,694.799636,233.612784,69.160095,515.511275,298.463720,96.816931,742.682387,240.018771,111.358737,511.171458,236.343736,80.504327,732.895054,302.061831,125.799563,617.993673,297.363335,174.929963,797.555169
207,246.915273,-0.654604,621.456024,290.226384,27.115202,649.865788,246.208185,9.966908,675.741690,288.027025,71.695830,638.194071,222.144316,23.036416,684.071941,256.582590,90.416588,643.685048,200.628575,41.826495,694.646064,234.202846,69.305385,515.885163,299.302232,96.949192,743.189725,240.104517,111.672710,510.818308,230.897161,72.218335,730.541534,304.024630,125.710842,619.120001,296.869888,173.793750,799.351856
208,247.278602,-0.674607,620.633309,290.770145,27.468588,649.977993,246.670038,10.006773,675.690602,288.151614,72.078979,638.088112,222.380030,23.123681,683.059033,256.615110,90.896969,643.586700,200.870396,41.795429,693.358038,234.906188,69.493107,516.121182,300.183413,97.031427,741.777902,240.631980,111.930849,510.562813,227.788220,63.556574,736.573681,306.275252,125.860777,620.150682,314.615826,177.862425,839.210003
209,247.653768,-0.477040,619.944982,291.329588,27.858780,650.096809,247.225149,10.161430,675.642956,288.321599,72.537906,638.032203,222.753708,23.217665,682.255835,256.715386,91.343530,643.525997,201.187256,41.900330,692.250722,235.658024,69.699113,515.470799,301.043139,97.141021,740.983705,240.779380,112.193824,508.465113,226.500221,54.539750,745.415474,308.794400,126.234939,621.315371,320.408973,173.740274,836.569657
210,248.388694,-0.234015,620.313162,292.149582,28.310029,650.724047,248.034466,10.466654,675.526461,288.935778,73.059923,638.736060,223.680105,23.458889,683.183097,257.313946,91.834401,643.636126,202.091566,42.014341,693.103627,236.501554,69.917909,515.796459,301.818730,97.183580,741.243744,241.558558,112.584198,508.609732,217.101526,48.009801,738.993428,310.501362,126.070004,621.963644,350.883963,191.430077,0.000000
211,248.985337,0.117802,619.603900,292.846707,28.783277,650.821814,249.054856,10.932215,675.654074,289.096227,73.571805,638.635034,224.846623,23.784769,683.985053,257.431230,92.404366,643.512486,203.095072,42.165226,693.594349,237.193371,70.149052,516.011820,302.659982,97.416400,742.315318,242.115723,112.893533,508.963443,212.304418,35.101267,748.069237,313.307970,127.153027,623.029875,353.497698,178.499820,870.739845
212,249.925650,0.457904,619.532736,293.706698,29.276916,650.942605,250.495492,11.408807,676.594639,290.033713,74.143302,639.260722,225.896979,24.152369,685.003154,258.292448,93.000060,644.638797,203.915409,42.418016,692.839285,237.990701,70.376682,516.403794,303.449188,97.713135,742.898497,242.840713,113.292155,508.689188,203.588518,19.538676,744.639116,315.795491,128.843801,623.256779,334.680518,152.031007,808.334820
213,250.961025,0.804840,620.078977,294.801108,29.809379,651.381472,251.887431,11.952439,677.423576,290.899789,74.753495,639.584507,226.912000,24.589642,685.384376,259.139618,93.578676,644.653304,204.840086,42.715335,693.195344,238.864665,70.637815,516.775499,304.384758,98.058940,743.384855,243.670145,113.909850,508.224213,200.029925,7.582525,760.523389,319.113427,130.786582,624.567359,0.000000,0.000000,0.000000
214,251.607490,1.170478,619.526488,296.016820,30.412191,652.058044,253.325632,12.529104,678.054138,292.397938,75.369397,640.018431,228.302248,25.064101,685.507980,260.761925,94.193506,645.594682,205.830907,42.989589,693.275348,239.847206,71.016034,516.999804,305.125119,98.423279,742.487469,244.366430,114.421831,507.710310,195.070614,-3.785403,794.722565,324.230953,132.903714,629.929364,0.000000,0.000000,0.000000
215,252.127891,1.586148,618.673556,297.007090,31.046119,652.181565,254.947624,13.092658,678.560721,293.570260,76.078518,640.656977,229.467539,25.560048,684.986213,261.563265,94.800186,646.821946,206.616420,43.329232,692.984926,240.946492,71.480543,517.306930,306.009112,98.797693,741.264443,244.360603,114.498789,505.244555,212.179065,4.266484,872.097837,330.521505,135.375503,638.712066,0.000000,0.000000,0.000000
216,252.598072,2.050508,618.677958,297.869667,31.721988,652.253759,256.562453,13.668491,679.008454,294.083738,76.693428,640.504817,230.721258,26.034828,685.097218,262.129357,95.420498,647.078658,207.263945,43.717249,691.981638,242.055530,71.901397,518.109974,308.057152,99.369428,742.194268,245.053871,115.403470,504.968514,187.629969,-12.514224,799.911319,331.505378,135.679676,635.904893,0.000000,0.000000,0.000000
