5,163.921323,56.113077,597.477382,181.556411,53.736740,619.975814,145.518496,55.054196,630.740542,193.028883,79.135298,625.320655,135.197349,78.668810,616.764585,200.328316,100.959643,639.101731,139.178998,103.093707,639.716827,171.136551,79.425020,631.668999,134.467125,70.601993,569.870024,179.852605,95.017338,627.057237,103.297218,64.103075,560.761021,154.569353,96.628567,658.879132,111.323142,83.401849,578.402911
6,163.975560,56.167151,596.975364,182.087497,53.870711,620.448910,145.676928,55.078353,631.136091,193.261760,79.102579,625.450882,135.334084,78.562900,618.372971,200.773025,100.856475,639.746619,138.657374,103.080612,638.645074,171.024167,79.399056,631.666863,133.714505,69.981323,566.790525,179.649304,95.076330,627.442107,103.256886,63.807105,560.018002,154.611559,96.744878,657.815303,111.298335,83.421561,577.240570
7,163.996589,56.270145,596.392406,182.509137,54.123883,620.866490,145.774201,55.089983,631.477749,193.506155,79.279382,625.604075,135.387594,78.510095,618.881636,201.079899,101.097637,639.633173,138.254785,103.088965,638.911213,170.546458,79.774578,631.772655,133.634004,69.737694,566.517391,179.488097,95.003785,626.965130,103.259818,63.732949,560.153779,154.389129,96.921791,657.529810,111.319403,83.762827,578.900247
8,164.012344,56.307051,596.237563,182.931098,54.387852,621.309283,145.930909,55.250614,631.740307,193.741777,79.486640,625.734219,135.437563,78.451146,619.113083,201.452261,101.288387,639.735573,137.911908,102.684337,637.437894,171.214296,80.005797,632.729291,133.278457,69.669816,566.263325,180.342125,95.443803,629.599693,103.525200,63.659410,560.407562,154.821079,97.005847,658.302206,111.771810,84.203271,580.187829
9,164.021808,56.332026,595.710438,183.415611,54.689558,621.967743,146.046116,55.433024,631.894524,194.218629,79.726105,626.452962,135.629002,78.652974,620.205837,201.796923,101.490970,639.734835,138.067871,102.810967,638.359141,171.570377,80.242292,633.582444,133.111076,69.627593,565.926235,180.329932,95.556583,629.711165,103.761124,63.586476,560.628565,155.225430,97.107018,658.933871,111.753455,84.259817,579.929498
10,164.004416,56.391790,595.454222,183.858692,54.976747,622.504212,146.288945,55.649752,632.967232,194.488029,79.833616,626.619759,135.686241,78.795070,620.504655,202.032761,101.438064,639.349763,138.311927,102.952883,638.988966,171.288162,80.024469,633.071714,133.047597,69.671920,565.680779,180.100193,95.486510,628.924951,103.860416,63.545551,561.046180,155.621186,97.245465,659.655049,112.083948,84.546537,580.948220
11,164.241625,56.453351,595.430225,184.401376,55.301926,623.304829,146.482436,55.831262,633.736634,194.708331,80.039322,626.559939,136.015555,78.949605,622.009492,202.270561,101.341141,638.758793,138.458738,103.157048,638.484011,171.124210,79.818301,632.059552,133.026087,69.754674,565.079591,179.984836,95.328432,628.282333,103.921666,63.490665,560.673873,156.019105,97.464706,660.308051,112.565878,85.023414,582.303790
12,164.199091,56.513077,595.416322,184.862115,55.533277,623.937808,146.616542,55.862028,634.051255,194.873264,80.253865,626.452398,136.073312,79.097617,622.243415,202.504780,101.226412,637.674955,138.071586,103.055545,637.021887,171.503273,80.015709,631.219635,133.061535,69.768923,564.961835,180.771453,95.606689,630.140924,104.178319,63.467558,561.237645,156.431103,97.587544,660.942731,112.580942,85.141629,582.031585
13,164.102489,56.569952,594.791059,185.407850,55.859160,624.960261,146.925625,55.921669,635.292375,195.141810,80.431380,626.525568,136.355886,79.355340,623.162379,202.706401,101.101157,635.910521,138.151463,103.317270,636.977156,171.899402,80.323151,632.187769,132.659296,69.841300,562.047105,181.413802,95.860772,631.804148,104.514727,63.478465,560.544426,156.066831,97.404711,659.395946,112.836409,85.443780,582.634593
14,164.039244,56.616902,594.767368,186.102032,56.217107,626.678165,147.209047,55.976146,636.379047,195.783619,80.641808,627.880859,136.483559,79.681998,623.739776,202.832054,101.175677,635.127799,138.037038,103.456087,636.334372,172.332681,80.785587,632.765186,132.643527,69.975898,561.450893,181.253025,95.957285,630.833137,104.955510,63.528318,561.490128,157.432201,97.967894,662.270745,112.876166,85.568987,582.274173
15,163.978437,56.658135,594.019489,186.648731,56.386305,627.592800,147.338022,56.003638,636.878563,196.095994,80.890843,628.056234,136.576423,79.854346,624.129960,202.916845,101.290000,634.831751,137.680676,103.383498,635.360930,172.584487,81.507669,632.851949,132.425305,70.046753,560.412292,181.050471,95.969253,629.257737,105.052114,63.667505,561.442322,158.046657,98.639115,665.671386,113.167431,85.865660,583.436986
16,164.068756,56.695947,594.032962,187.607196,56.725638,629.605203,147.959682,56.202974,638.791678,196.809843,81.176369,629.590562,136.744957,79.995166,624.532084,203.607541,101.469320,635.047817,137.814085,103.572307,635.915023,173.045180,81.601036,633.173740,132.065260,69.736424,557.889820,181.655339,96.180789,628.968085,105.800434,63.911049,562.459079,157.882051,99.098564,664.897266,113.265697,86.018885,582.791805
17,164.166079,56.802633,594.127787,188.270752,56.906003,630.872698,148.420313,56.394873,640.633489,197.628452,81.406168,631.215365,136.914712,80.162971,625.034956,204.507249,101.744939,635.391604,137.535392,103.540352,634.430807,173.588639,82.008699,633.919569,131.977039,69.821463,557.293426,182.339960,96.449663,630.485135,106.442207,64.164087,562.301721,157.747142,99.108395,663.579996,113.840910,86.618412,583.345848
18,164.114521,56.900417,593.644740,188.883558,57.064021,631.816499,148.529800,56.427426,640.962642,198.320666,81.493186,631.460588,137.075647,80.266305,625.588882,204.602909,101.705204,634.371972,137.573700,103.689012,634.400072,174.115978,82.539447,635.102580,131.901684,69.926514,556.640078,183.076796,96.815250,632.177482,106.753128,64.095049,562.468626,158.729865,99.858129,666.308937,114.177893,87.031820,583.928454
19,164.045938,56.981049,593.460446,189.562306,57.248663,632.769752,148.888563,56.468172,641.784151,199.260537,81.540949,632.440891,137.461467,80.501352,627.055089,205.144819,101.639223,634.084282,137.730234,103.872200,634.971232,174.738824,83.046233,636.430561,131.343642,69.515970,553.813779,183.769258,97.183125,633.062731,106.797320,63.677744,561.614627,159.637656,100.520653,669.248380,114.224699,87.189129,583.818731
20,163.971703,57.041381,593.065781,190.583089,57.570236,634.620989,149.448494,56.681928,643.230781,200.377182,81.577621,633.256482,137.882059,80.626928,627.891872,205.705886,101.573672,633.184119,137.890655,104.114687,635.469963,174.663357,83.046769,635.797550,131.015530,69.346774,551.094807,184.118330,97.367378,633.634160,107.214988,63.352450,561.365552,160.129088,100.817356,670.221518,114.185132,87.272795,583.651475
21,164.178523,57.213850,593.079882,191.206485,57.754281,635.250985,149.917235,56.931980,644.063010,201.054542,81.556998,633.307696,138.317896,80.761890,628.928026,206.455999,101.600230,632.815008,137.884733,104.225377,635.132597,175.025266,83.357671,635.250291,130.919754,69.346558,549.736074,184.463069,97.563635,634.281140,107.804275,63.210252,562.170186,160.639429,101.127827,671.421531,114.700498,87.671601,584.628749
22,164.218211,57.320219,592.827215,191.678197,58.176328,635.421296,150.330373,57.196889,644.692330,201.365374,81.810901,633.393399,138.816782,80.931235,630.281277,206.669168,101.543259,633.041402,137.820986,104.292047,634.615288,174.924079,83.552448,634.439861,130.934646,69.364407,548.647087,184.827729,97.779903,634.957253,108.348171,62.909564,562.447157,161.153467,101.452912,672.711115,114.998319,87.935542,583.899755
23,164.407286,57.466226,592.442304,192.549387,58.611719,636.838965,150.869054,57.480155,646.170517,202.528445,82.067291,634.646864,139.311866,81.172818,632.119857,207.293964,101.801863,633.052566,137.842360,104.468400,634.531940,174.769498,83.528017,632.950329,130.938312,69.349898,548.087091,185.229447,98.026186,635.661832,108.879502,62.527468,562.787401,161.664528,101.788702,674.050285,115.551710,88.400168,585.943094
24,164.775571,57.606715,592.934120,193.067970,58.861357,636.455673,151.068158,57.753004,645.959248,203.310566,82.210054,635.530969,139.241646,81.172465,631.370320,208.131719,102.044992,633.431209,137.833116,104.749078,634.155388,175.629864,83.890402,634.571011,131.304108,69.468263,548.695995,185.686143,98.344846,636.469565,109.497246,62.082476,562.797482,162.103149,101.984901,675.311343,115.119699,88.333997,583.022488
25,164.923151,58.050460,592.741658,193.735812,59.191640,636.968068,151.466044,58.094761,646.574199,203.449183,82.152395,635.169853,139.724187,81.369098,632.894433,208.220013,102.306086,633.046721,138.099877,105.142565,635.364739,176.592464,84.100533,636.050808,131.248068,69.336961,547.684997,186.305942,98.696011,637.490962,109.382327,61.764404,561.399128,161.663564,101.730385,673.794715,115.420235,88.641806,583.418485
26,165.210695,58.393732,592.412545,194.521900,59.462745,637.505195,151.841145,58.263715,647.228215,203.985006,82.123953,635.061031,140.058961,81.535775,634.010201,209.005627,102.300517,633.203804,138.424361,105.587342,636.761987,176.833951,84.016795,635.080060,131.713672,69.354393,548.864696,185.706971,98.384478,635.351248,109.619520,61.596040,561.944013,160.445382,100.616913,667.285561,115.338059,88.502703,581.640869
27,165.551170,58.772660,592.745901,195.093091,59.804983,637.830519,152.000124,58.387526,647.385085,204.735023,82.366456,635.206382,140.050154,81.640349,633.656930,209.437031,102.518707,633.167851,138.363278,105.816012,636.292047,177.593333,84.375796,636.234481,132.415231,69.793126,550.830943,187.155472,99.102739,637.661541,110.290014,61.559503,563.884774,160.277083,100.334543,665.751409,115.742179,88.946368,582.585966
28,165.736652,58.840905,592.696703,195.588612,60.036937,638.137115,152.252844,58.601462,647.623351,204.889348,82.956671,635.523440,140.482016,81.886981,635.098150,209.916617,103.249265,633.560381,138.298347,105.988972,636.314618,177.995946,84.511580,636.032630,132.074128,69.630220,548.697518,187.664797,99.446506,638.413297,110.213597,61.431406,562.800273,159.996183,100.635467,664.950707,116.173627,89.451258,583.980423
29,165.510874,58.987650,592.763434,196.160191,60.418110,638.748296,152.619198,58.879777,648.544360,205.532054,83.706361,636.759977,140.464831,81.938095,635.318902,209.993762,103.869843,633.122235,138.297459,106.243519,636.503195,178.367615,84.477704,636.065857,131.879610,69.554876,546.523780,188.387613,99.337830,639.537332,110.227967,61.358918,561.649012,160.418374,101.795216,668.003229,116.627988,89.909590,586.089020
30,165.265970,59.114848,591.995701,196.772849,60.838853,639.424566,152.837423,59.086646,649.050512,205.887486,84.336325,636.817899,140.760619,82.208341,636.321984,210.096897,104.458959,632.603431,138.112065,106.380251,636.891416,178.945721,84.612060,636.784785,131.962615,69.556051,546.636455,188.312391,99.014792,638.373708,110.150788,61.337583,559.933587,160.002385,101.990170,665.876517,116.996850,90.464333,587.989566
31,165.106971,59.445631,591.740553,197.291957,61.335063,639.921958,153.058897,59.153146,649.366219,205.766008,84.948436,635.709172,140.942940,82.331299,637.106330,209.898564,104.950016,632.520016,138.306400,106.789242,637.881630,178.612327,84.428289,634.271996,131.659018,69.508440,544.997145,188.651164,99.178946,637.835600,110.754357,61.723933,560.301621,160.434593,102.381096,667.924221,117.161540,90.669613,587.934419
32,165.281544,59.780906,591.614982,197.638172,61.724760,639.601890,153.017934,59.188285,648.690497,205.660737,85.341221,634.551606,141.132688,82.622256,637.594239,209.772829,105.123772,632.099960,138.350556,107.109513,638.166759,179.650368,85.012820,636.583715,131.622085,69.634478,544.316587,189.114148,99.423463,638.288484,111.506818,62.220821,560.950698,161.498785,102.076442,666.839698,117.213351,90.809608,587.679762
33,165.555200,60.244590,592.074703,197.976228,62.025789,639.761345,153.037519,59.376397,648.766703,205.665055,85.785397,634.377112,141.330796,82.820409,638.133656,209.650507,105.283611,632.748414,138.350215,107.291609,637.742549,180.015220,85.232416,636.489023,131.801568,69.742265,544.582730,189.866178,99.698020,639.423394,112.367097,62.832806,563.532959,162.627057,101.520661,664.174855,117.319743,90.989525,587.828013
34,165.868614,60.678657,592.888072,198.431726,62.271376,639.873079,153.417152,59.583956,649.347786,205.516253,86.154907,633.257943,141.523668,83.014416,638.548610,209.258347,105.231933,631.918430,138.422655,107.572008,637.844336,180.146466,85.198947,635.573359,131.682822,69.393510,543.824669,190.257464,99.914237,639.242042,112.273458,63.868554,561.593098,162.998973,101.822917,664.540986,117.506538,91.214558,588.160284
35,166.157179,60.939056,593.448181,198.959935,62.642745,640.533652,153.433596,59.773410,649.690667,204.660631,86.560547,632.007738,141.791137,83.267537,639.538249,208.060759,105.057182,630.471961,138.451275,107.862152,638.092297,179.818845,84.926616,633.766487,131.541178,69.350292,543.676863,191.034096,100.174544,640.115143,112.680606,65.287999,559.117079,162.940762,101.892548,663.694997,117.730125,91.456387,588.777361
36,166.600165,61.364379,594.358234,199.242411,63.086845,640.935813,153.360314,59.976367,650.208440,203.602364,87.072456,631.567537,141.845961,83.492428,639.961934,205.321370,105.227833,631.091039,138.688631,108.210720,638.468914,179.360107,84.690693,631.241488,131.096797,69.455934,542.152817,191.533083,100.385144,640.273090,113.318128,68.539915,557.898843,162.970328,102.117843,662.937247,118.053048,91.738580,589.641289
37,167.150225,61.571517,594.540205,199.228585,63.318120,639.957079,153.249774,60.122796,649.657282,203.515148,87.705648,629.949106,141.867248,83.814122,639.962382,206.814682,105.581079,631.336452,139.017216,108.625918,639.708965,180.866907,85.491482,633.657868,131.864181,70.213531,543.850146,192.162088,100.586291,640.708568,113.885613,69.462652,558.430072,162.962658,102.263959,661.923945,118.328596,91.974959,589.576674
38,167.420139,61.787921,594.537147,199.581521,63.747396,640.451387,153.098752,60.351174,649.657043,203.699849,88.553005,628.736286,142.243209,84.193886,641.551012,204.346201,105.492000,629.876767,139.463959,109.176608,641.086894,181.696153,86.304455,635.932004,132.182404,70.857481,544.118074,192.668341,100.768377,640.790367,114.420569,70.337130,557.491852,162.736825,102.350480,659.784585,118.603275,92.261651,589.744687
39,167.621012,61.981337,594.230637,199.854829,64.161911,640.592762,153.143684,60.664353,650.190444,204.208467,89.470435,628.170211,142.585210,84.653070,642.884117,204.756464,105.884545,630.397983,139.876223,109.780718,642.727141,181.340841,87.238871,632.727202,133.055611,71.759996,545.989097,193.231863,101.057141,641.043351,115.123499,71.390235,557.958511,163.137679,102.575377,659.900615,119.112871,92.660482,590.964250
40,168.137119,62.031396,594.756959,200.531426,64.562314,641.330254,153.494894,60.895546,650.839497,203.741455,90.295060,627.510167,143.046533,85.176891,644.142149,201.058896,105.725704,628.680046,140.411440,110.394431,644.102852,181.816226,87.531123,632.066508,133.367260,72.643737,546.731353,193.878664,101.316409,641.632149,115.925727,72.502728,558.528383,162.755460,102.441863,657.205927,119.464579,93.123390,593.206246
41,168.492462,62.028385,595.511108,200.683502,64.975688,640.736897,153.596290,61.207537,650.523615,203.302739,90.985733,626.757584,143.386037,85.582909,644.313903,197.313749,105.660409,627.436026,140.722449,110.735627,644.969142,182.411853,87.795320,631.878999,133.296364,72.969581,545.671324,194.522815,101.457070,642.313956,116.622038,73.475182,558.533093,163.140510,102.405594,655.341865,119.867371,93.513647,594.048806
42,168.831006,62.017927,595.932952,200.905368,65.228047,640.155359,153.983230,61.517518,651.239216,202.848600,91.519056,625.697788,143.517173,85.928149,644.496732,195.693136,105.497351,627.180363,140.796110,111.109403,644.687829,182.887193,87.975696,631.011765,133.415249,73.536630,544.501005,195.143140,101.597071,642.425416,117.193636,74.388332,557.958259,163.575341,102.041987,650.866009,120.144209,93.731969,594.510605
43,169.203248,62.041624,595.886878,201.581079,65.515916,641.506693,154.504252,61.563914,652.286098,202.855884,92.204953,626.205887,144.120154,86.313417,645.739969,195.096310,105.757497,627.593196,141.200071,111.786148,645.992917,182.396319,88.390933,630.281235,133.468715,73.328045,543.649404,195.817559,101.844546,643.852579,117.702259,75.295214,557.083573,163.639447,101.444456,646.167050,120.799768,94.597141,597.854580
44,169.411688,62.210527,597.127693,201.757194,65.804472,640.599519,154.747718,61.572491,652.712713,202.376780,92.753042,625.365362,144.203134,86.451489,645.431729,194.226771,105.768133,629.003644,141.042660,111.952870,645.298931,180.769869,87.632711,622.815030,133.388640,73.058557,541.909582,196.326263,102.078247,644.968503,118.162235,76.268168,556.216174,163.703543,100.846908,641.467775,120.976928,94.717416,598.079869
45,169.551151,62.418093,598.058915,201.889707,66.184647,639.827150,155.095817,61.704819,653.200533,201.888904,93.196914,624.406121,144.418684,86.655165,645.844911,192.998719,105.800089,627.853670,140.850854,112.099369,644.323964,180.403775,87.847733,621.363406,133.609623,73.350151,541.434258,196.646238,101.832638,644.693096,118.522752,77.334208,555.390531,163.767641,100.249273,636.768641,121.463863,95.206109,601.565045
46,169.570305,62.480398,597.377760,202.239448,66.551596,639.706853,155.489623,61.877902,653.795656,202.046332,93.778631,624.519076,144.854560,87.088239,647.321654,192.062827,105.788553,627.991607,141.036560,112.530399,645.006260,178.798533,87.233342,614.979836,133.576326,73.258526,540.709583,196.542185,101.433637,643.143347,118.378581,74.981961,559.516531,163.831736,99.651864,632.069882,121.459918,94.769626,586.643689
47,169.535422,62.720929,598.146343,203.045311,66.937472,641.153542,156.036261,62.259176,655.528787,202.309503,94.159554,624.797559,145.007115,87.397187,647.726686,192.146674,106.252177,628.950515,141.080938,112.875911,645.029677,180.195630,88.040050,618.720798,133.183487,73.245346,539.255544,196.780770,101.052245,643.097153,117.960022,72.974294,561.476472,163.895841,99.054263,627.370443,121.695189,95.145865,585.164254
48,169.233551,63.009142,599.468346,203.625701,67.319103,641.391366,156.419974,62.591841,656.289095,202.473206,94.584508,625.418798,145.489666,87.857582,649.494065,192.594873,106.813879,630.200254,141.564288,113.461724,647.006007,177.624307,87.109930,609.553096,133.232861,73.175374,539.286609,198.675405,101.337782,646.930869,117.742178,69.670583,566.108877,162.736253,97.534750,616.847589,121.603484,95.239709,583.048037
49,168.420288,63.209755,599.756545,203.834210,67.732380,640.743189,156.750429,62.870116,656.846065,202.565196,94.852198,625.101856,145.607144,87.991300,649.749109,192.946402,107.340400,631.202999,141.660354,113.761232,647.151865,179.185225,87.926691,612.684971,133.093353,72.759188,537.684890,197.447097,100.511240,645.411443,117.349810,68.014661,565.900689,163.733408,97.325329,612.324269,122.485445,95.808147,584.212300
50,168.551019,63.536640,601.043247,204.688123,68.115426,642.851744,157.297002,63.205619,658.708814,202.777183,95.184402,624.911439,145.768127,88.245965,650.591110,193.203032,107.579362,629.880063,141.799775,114.080036,647.443837,181.570815,89.500096,619.050847,133.320470,72.685676,537.339608,196.275295,98.981092,639.287086,117.301438,66.923904,562.469566,164.326749,97.321910,602.297765,122.640507,96.129453,584.047052
51,168.602911,63.728246,600.884419,204.523482,68.368753,641.603599,157.182780,63.331909,658.093885,202.639987,95.390351,624.019270,145.860733,88.401437,650.834584,192.764236,107.590896,627.570610,141.744795,114.255815,647.081883,183.188465,90.178778,623.495007,133.556005,72.996581,538.233262,194.644030,97.235451,633.304986,116.826951,65.547978,560.627671,164.201898,96.375312,580.843333,123.230231,96.542933,584.248651
52,168.567739,63.917187,600.715932,204.565374,68.734985,640.368142,157.084299,63.445412,657.350162,201.010028,95.693309,621.665317,145.906444,88.462167,650.834760,190.078834,107.707926,628.273854,141.828914,114.606842,647.198835,181.306997,89.062597,615.315976,133.350348,73.145015,536.907492,193.703263,96.355334,629.781196,116.429235,65.416293,560.581214,162.770848,93.482438,553.667090,122.624303,96.435721,583.053115
53,168.738726,63.972431,601.216815,204.774570,69.081019,641.051705,157.110465,63.528374,657.130574,201.399978,96.184663,622.139887,145.850453,88.500255,650.310595,189.953809,108.149386,627.718050,141.755927,114.787803,648.308146,181.455620,88.783224,615.292846,133.216894,72.817576,535.884284,195.958128,97.210644,636.167626,116.383423,65.582507,561.135193,175.920842,93.346273,533.587980,123.129083,96.744294,583.126515
54,169.309016,64.179126,602.368766,205.100780,69.334989,641.693502,157.301030,63.545456,657.632454,201.745548,96.644706,622.616044,145.566237,88.497452,650.085336,189.583091,109.033885,628.875891,141.499010,114.818960,647.788932,181.094085,88.318315,614.470847,133.476784,72.979518,536.698411,0.000000,0.000000,0.000000,116.729694,66.014522,562.897344,186.316449,95.796730,502.288746,124.484250,97.676461,587.706963
55,169.648866,64.250778,603.276699,205.299158,69.469043,641.925266,157.449748,63.467069,658.513517,201.515071,96.953780,622.159423,145.139497,88.568249,649.834318,189.011544,109.509144,628.106412,141.004439,114.629875,645.871187,179.941653,87.686811,609.454802,133.700174,73.026333,537.364353,0.000000,0.000000,0.000000,116.954905,66.383771,562.982465,189.211919,95.315357,487.831605,125.272703,98.453039,590.794712
56,169.818319,64.291099,603.921661,205.932698,69.649707,643.792447,157.835925,63.370671,660.082001,201.547384,97.260190,623.267252,144.808482,88.567391,649.885748,188.825339,110.200458,629.105309,140.884350,114.355288,646.039529,179.909989,88.064291,609.465389,133.522825,73.172418,537.283654,197.549250,104.512445,639.336637,116.699360,66.521677,561.744574,167.852224,107.539659,656.037731,125.663705,99.084991,592.459155
57,170.213163,64.372005,605.015590,206.315466,69.750550,645.216434,158.179440,63.154422,661.759339,203.004132,97.385384,625.721159,144.671201,88.388034,650.165324,190.762208,110.860508,628.512107,141.074056,114.549906,647.401001,181.019583,88.808489,611.908211,133.008223,73.109828,535.348648,198.020800,104.631646,640.344864,116.675935,66.965076,561.495998,172.698621,110.666024,670.865454,126.307814,99.558308,593.718276
58,170.119616,64.466628,605.455386,206.249199,69.809380,644.614268,158.161330,63.255320,661.743831,202.432886,98.154544,624.294321,144.702248,88.865635,650.402674,189.099480,110.730158,628.598603,141.368159,115.007214,648.677198,180.837845,89.047926,610.984582,133.051012,73.330012,534.595161,198.215767,105.041489,640.220409,116.622076,67.588712,561.366626,173.770849,111.509877,673.072866,126.288227,99.726821,594.401390
59,169.868770,64.501750,605.214588,206.282284,69.972978,644.392415,158.087056,63.282216,661.344369,201.761254,98.917898,622.343547,144.851420,89.409780,650.707071,187.690008,110.827039,628.921896,141.467130,115.606165,648.794188,180.336772,89.348702,608.933940,133.412247,73.844916,535.532529,198.410763,105.451338,640.096033,116.333694,68.465698,560.760277,174.843075,112.353716,675.280283,126.740725,100.155561,594.995870
60,170.264584,64.629115,606.303191,206.403289,70.118692,644.599344,158.153679,63.434669,661.864949,201.496886,99.747742,622.043640,145.170997,90.000236,651.840450,186.311824,110.890131,629.805537,141.793612,116.329372,649.987847,179.126758,89.354538,604.625127,133.115732,74.315723,534.510892,198.605745,105.861172,639.971662,116.889730,72.881097,561.954690,176.157862,113.596235,679.038780,126.855490,100.303060,595.425650
61,170.199068,64.940365,606.906717,206.478758,70.304281,644.835967,158.070614,63.376050,662.315894,200.989798,100.665762,621.186035,145.673861,90.601740,653.122369,184.572960,110.780879,629.874035,142.130679,117.076537,651.156848,178.020671,89.282095,601.063793,132.871119,74.657964,533.516800,199.610625,107.258570,642.476429,117.728409,77.032857,564.869079,177.716001,114.869756,682.209012,127.212282,100.686841,594.440698
62,169.408178,65.172218,606.372381,206.347245,70.443447,644.246164,157.905969,63.563828,662.575028,200.174240,101.417949,619.321367,145.978986,91.156628,654.033198,182.890037,110.446999,628.881362,142.334006,117.816253,651.929529,175.675907,88.509557,592.877236,132.594072,74.544810,532.324476,0.000000,0.000000,0.000000,118.933070,80.898799,561.460866,177.818684,115.259033,677.657728,127.393545,101.008429,593.161202
63,168.824504,65.423434,606.222400,206.154613,70.562642,643.216605,157.776183,63.525834,661.938237,199.281121,101.957249,616.970334,145.883172,91.603812,653.265391,180.960483,110.145233,627.625749,142.748844,118.783626,653.471546,175.502623,88.918169,591.608198,133.148099,75.465478,534.038846,0.000000,0.000000,0.000000,121.253602,84.303692,562.196219,179.035381,115.034646,663.327029,127.658040,101.473503,591.655567
64,168.915089,65.461179,605.833141,205.909070,70.638719,642.409895,157.624709,63.381011,661.342876,199.564060,102.091299,616.775373,145.955560,91.974800,652.996187,180.918853,110.424266,627.924918,142.755000,118.965064,653.646421,175.520671,89.271014,590.893754,133.879832,76.027347,536.242276,0.000000,0.000000,0.000000,121.887203,85.014492,564.121963,0.000000,0.000000,0.000000,127.832722,101.385679,589.441836
65,168.862808,65.541379,605.587086,205.881957,70.679028,642.021681,157.545003,63.405001,661.281548,199.845656,101.972883,616.389293,145.761301,92.035321,652.458081,181.542557,110.682413,627.898796,142.639304,119.109822,652.299745,174.971822,89.528192,588.252638,133.762290,76.308753,535.051814,0.000000,0.000000,0.000000,122.445221,83.065078,563.512232,0.000000,0.000000,0.000000,127.874108,101.374777,582.005432
66,169.083071,65.354802,606.790169,205.875886,70.645765,641.284536,157.264878,63.491435,660.827415,201.121318,101.478801,617.690353,145.487125,92.128073,651.272074,183.728624,110.811571,626.946838,142.188069,118.978765,650.205427,177.058735,90.892082,594.621441,134.238506,76.600776,535.845053,0.000000,0.000000,0.000000,123.265931,84.226689,562.789979,0.000000,0.000000,0.000000,128.246991,101.532393,582.714308
67,169.094401,65.078986,607.331193,206.264495,70.643436,642.557292,157.460091,63.573642,661.739865,202.381786,100.609585,619.019000,145.364802,92.190457,651.094436,186.385322,111.239172,628.184193,142.115472,119.253221,650.271510,176.469417,90.561378,591.508421,133.867450,76.657500,534.162199,0.000000,0.000000,0.000000,121.520676,84.876836,560.545233,0.000000,0.000000,0.000000,128.619875,101.689992,583.423867
68,168.868373,64.684216,607.484362,206.150506,70.654807,641.961532,157.362855,63.540914,661.640901,202.634305,101.355129,619.350745,145.494325,92.535599,651.521132,186.604694,111.186525,628.177513,142.309349,119.893406,650.915860,175.450804,91.550784,587.539720,134.104303,76.784475,534.666675,0.000000,0.000000,0.000000,121.212448,83.391091,557.441748,0.000000,0.000000,0.000000,128.992760,101.847598,584.133069
69,168.325784,64.101926,606.995138,206.480283,70.764147,643.200809,157.640789,63.661320,663.059109,203.347287,102.116997,621.068147,146.002034,93.137095,653.145644,187.312970,111.525328,630.166798,142.624874,120.677811,652.480837,175.026974,91.473315,585.885264,135.111166,77.390652,537.685758,0.000000,0.000000,0.000000,121.558849,80.180988,560.759255,0.000000,0.000000,0.000000,129.365640,102.005205,584.842270
70,167.617421,63.409800,606.393143,205.987570,70.674145,641.774783,157.428400,63.502361,662.092785,204.014013,101.720347,621.045791,145.486192,92.949404,651.045775,188.969288,112.273362,631.302534,142.011236,120.424667,649.763162,177.010259,93.058094,591.702851,135.241337,77.398783,537.769508,204.234608,111.532864,649.037660,120.962045,76.849823,564.824967,188.763903,127.190863,720.094370,129.738524,102.162811,585.551461
71,166.939232,62.717528,606.368951,206.083081,70.802090,641.758561,157.487147,63.327504,662.141677,205.038882,102.053581,621.843576,145.493557,93.147782,651.191909,191.217667,112.713303,631.403034,141.789249,120.629532,649.030261,178.919692,94.064444,597.190996,136.457690,77.593448,542.049910,203.475920,111.452269,645.371974,120.505316,77.367113,568.181136,188.825760,127.058333,720.677030,130.111403,102.320418,586.260669
72,166.378694,62.323652,605.873158,206.073657,70.805969,641.829026,157.414124,63.098463,662.153625,205.114079,102.028255,622.365244,145.124908,92.976901,650.173761,191.518054,113.161436,630.272062,141.164160,120.364645,646.688202,177.957216,92.470672,593.834884,135.932235,77.064707,539.416591,200.878341,110.449380,637.421789,121.412787,79.101224,567.158631,191.088644,129.721035,732.687363,130.484292,102.478024,586.969855
73,166.014602,62.103232,605.964791,205.906067,70.874441,641.103034,157.269242,62.896730,661.967206,204.878236,101.746339,622.700899,144.408822,92.811843,647.739360,192.372831,114.094529,631.233005,140.615251,120.240557,644.506768,177.380953,91.144341,591.593430,135.920067,76.571452,539.453527,200.951885,111.187851,637.347492,122.320195,80.835364,566.136122,186.671774,125.493879,712.830756,130.857178,102.635634,587.679067
74,165.562555,61.885410,606.219845,206.232638,70.990723,641.843251,157.344090,62.818668,663.203190,204.627246,101.453503,622.197771,144.304864,92.921862,647.230867,192.456673,114.489050,630.031217,140.058263,120.152719,642.500125,177.206746,89.758049,591.060939,135.711858,76.106937,538.796982,200.639381,111.439540,636.195860,123.227611,82.569619,565.113619,185.860045,125.056389,709.928136,131.230059,102.793239,588.388281
75,164.603779,61.711544,606.316204,205.979664,71.012280,641.539166,157.193556,62.711734,662.846589,205.059115,101.307668,622.224736,143.921076,93.033243,646.259527,194.512720,115.566439,631.537849,139.414653,119.824225,640.173551,178.120770,89.907909,593.910126,135.430408,75.593237,538.166656,198.830694,110.942642,630.301740,124.135139,84.303467,564.091088,184.203198,123.371575,704.018999,131.602944,102.950857,589.097445
76,164.014032,61.454647,606.481166,206.103159,71.079400,642.323850,157.310179,62.777319,664.274014,206.223809,101.600176,624.657951,143.502587,93.208400,646.521148,196.908180,116.726659,633.149281,139.164231,120.173824,640.390533,179.749978,90.268206,598.357650,135.500354,75.308572,538.163734,197.307311,110.304633,624.840243,121.702443,80.453323,560.079925,182.462220,122.523158,699.169190,131.975825,103.108447,589.806635
77,163.592935,61.165879,606.625476,206.431403,71.159393,643.706579,157.428710,62.795813,665.837168,207.492933,101.681505,626.473061,143.041618,93.190327,647.005048,199.305074,117.777380,633.918324,138.662814,120.586573,640.870767,180.450848,90.601390,601.159080,135.260366,74.843244,537.108394,197.132828,110.573194,624.451221,117.484214,77.157790,558.611030,182.249522,121.955594,700.763610,123.060509,102.790712,570.349435
78,163.236425,60.861923,606.960395,205.982780,71.164687,642.700032,157.398060,62.695105,666.181753,208.310710,101.558615,626.782318,142.315472,93.187266,647.114908,200.777972,118.501655,633.505069,137.998093,120.872169,641.251901,179.839098,90.293636,599.334230,135.172639,74.709555,536.550168,197.307807,111.224263,624.939499,115.662664,74.694432,557.832213,181.164836,121.452967,696.335088,121.176826,102.112474,564.158092
79,163.649512,60.528697,606.813864,206.027156,71.150499,642.934993,157.186363,62.710906,665.943339,209.530130,101.170439,628.042913,142.006103,93.317007,647.119460,201.964010,118.933287,632.221535,137.589398,121.256073,642.949719,180.861245,91.025693,602.924474,135.002762,74.597642,535.963808,197.322190,111.832307,625.221823,115.883588,75.007733,558.428303,180.284371,120.863985,692.235060,122.303449,103.049407,567.576549
80,164.003004,60.240675,606.354354,206.214322,71.074685,643.726360,157.012467,62.648635,666.176046,210.011039,101.308822,629.186518,141.530723,93.435257,648.212152,205.947922,119.753684,632.400830,137.008235,121.645064,644.529757,180.452233,91.082321,601.230764,134.460796,74.520970,534.906953,197.120304,112.389790,624.844158,114.600602,74.874580,555.338414,180.349965,120.821999,691.684830,119.669927,101.865692,557.006931
81,164.324689,59.935546,607.112632,206.009472,70.985377,643.717669,156.663724,62.570368,665.503220,210.103883,101.164916,629.190525,140.461031,93.178548,647.129496,207.116621,120.480836,631.359049,136.106500,121.500247,644.725400,182.575564,92.085808,608.122928,134.387295,74.830520,535.860182,196.918387,112.947243,624.466707,113.566755,75.095678,552.737097,180.415567,120.780010,691.134613,121.676374,103.382389,565.525633
82,164.277983,59.628837,605.918560,205.722682,70.984784,643.293698,156.240096,62.362454,664.875623,209.380271,101.454540,627.459698,140.159677,93.394846,647.775047,206.515624,121.126705,629.975524,135.885180,122.007618,646.466115,181.404226,91.927975,604.241565,134.098940,75.187621,534.501874,196.716494,113.504720,624.089126,113.750045,75.646153,551.208962,180.481165,120.738034,690.584437,121.269211,103.483661,564.517556
83,164.400190,59.351076,605.047459,205.406188,71.079136,642.861886,155.666002,62.269201,664.059523,208.688911,101.860525,625.494978,139.497945,93.454405,647.954945,205.494575,121.719522,628.005423,134.793411,122.307634,645.994505,182.031141,93.140065,607.057054,133.830072,75.820585,534.086478,196.514591,114.062192,623.711583,113.742752,76.087086,548.109350,180.546763,120.696049,690.034246,120.858364,103.644323,563.313039
84,164.668949,59.104677,605.305871,205.254561,71.259283,642.700818,155.122241,62.335422,662.899894,208.284179,102.403687,624.258386,138.901762,94.076598,646.816295,204.619602,122.624691,627.761533,134.057007,123.093731,644.874846,180.891351,93.634877,603.426566,133.533937,76.499473,533.454278,196.312691,114.619643,623.333917,114.240514,77.507069,546.485728,180.612367,120.654044,689.484041,120.387089,103.742091,561.904767
85,164.515708,58.794272,605.306959,204.999409,71.712620,642.351378,154.615243,62.539430,662.454498,208.899619,103.413675,625.658062,138.374608,94.846412,646.153906,204.130773,123.215598,626.803790,133.447252,124.263350,644.135422,179.031009,93.842483,597.491147,133.354101,77.216018,533.923405,196.110735,115.177249,622.956460,115.728606,79.229642,547.012775,180.677962,120.612089,688.933837,119.928011,103.638343,559.180485
86,164.066736,58.551123,604.417899,204.787565,72.834947,642.409231,154.359824,62.978663,663.317468,208.641211,104.511452,624.734327,138.471260,95.774951,648.046027,202.377765,123.811510,627.328315,133.047908,125.308528,644.985118,178.024277,94.550648,595.360173,133.143559,78.406579,533.794572,195.908897,115.734600,622.578891,117.809840,83.548745,547.533504,180.743548,120.570107,688.383675,119.902715,103.301324,556.499173
87,163.648138,58.302770,604.401813,205.041141,73.552177,643.368991,154.175192,63.835032,664.740656,209.077625,105.286230,625.865659,138.665763,96.818817,649.927591,204.884073,124.695928,627.563427,132.943810,126.882695,647.734837,177.653761,95.536784,595.893766,133.341631,79.589960,533.974780,195.707005,116.292102,622.201350,116.830718,83.190039,546.041490,180.809156,120.528129,687.833827,119.241688,103.417408,554.927966
88,163.517354,58.382764,605.365321,205.071876,74.189952,644.214985,153.829618,64.900119,665.460504,208.614476,106.185928,625.001236,138.497794,98.229298,650.813735,204.653776,125.347937,627.605449,132.527720,128.306106,646.466052,178.190802,96.485732,596.434616,133.067586,81.193927,533.739223,195.505102,116.849540,621.823774,118.483609,87.974877,545.401650,180.874780,120.486133,687.283219,118.315564,102.862876,551.902260
89,163.024991,58.506458,604.417101,204.708585,74.652142,643.208347,153.245876,65.372666,664.757101,208.161977,106.586264,623.066572,138.119375,99.092773,650.147384,202.664207,125.953530,625.544734,132.016747,129.578475,645.934846,178.544776,97.778413,597.394049,133.103282,82.472828,534.144630,195.303227,117.407010,621.446184,118.065645,89.305379,546.079022,180.940354,120.444159,686.733033,0.000000,0.000000,0.000000
90,162.717995,58.575246,604.408368,204.553043,75.275618,642.814778,153.042730,66.071404,664.614330,208.463108,107.467617,623.942682,138.074128,100.659419,652.192496,202.025652,126.953217,626.587859,131.673310,131.484027,647.671365,179.623209,99.550682,602.238455,133.194021,83.871930,535.639771,195.101319,117.964479,621.068681,116.269897,87.591371,543.755432,181.005953,120.402179,686.182843,0.000000,0.000000,0.000000
91,162.496982,58.310829,604.294264,204.414765,75.691010,642.688144,152.447047,66.733635,664.302019,208.370980,107.983137,624.395437,137.696423,101.731326,651.801533,201.283393,127.562881,625.900856,131.161482,132.734875,647.893651,179.490039,99.553613,600.797155,133.119091,83.975892,536.507428,195.002857,118.476499,620.787705,114.474361,85.877365,541.431836,180.845993,120.190073,685.132563,0.000000,0.000000,0.000000
92,162.378389,57.880591,604.571839,204.280049,76.049544,642.638789,151.820572,67.390064,664.013507,208.429709,108.437453,625.394445,137.313404,102.782253,651.594178,200.968711,128.445755,627.094669,130.536037,133.680782,646.619796,178.384353,99.441771,596.071310,133.277155,84.626384,537.963877,195.424915,119.457568,622.314654,112.678409,84.163359,539.108181,183.188825,121.524995,689.817581,0.000000,0.000000,0.000000
93,162.240277,57.351031,605.331171,204.009327,76.326314,642.337965,151.353754,67.928636,664.166786,209.086987,107.795694,625.941727,136.579618,103.362638,650.300999,203.118129,129.290179,625.964109,129.644241,134.391086,644.987419,180.326564,100.794031,603.257929,132.242622,84.537979,535.424233,195.994207,120.688820,624.974740,110.882665,82.449363,536.784634,184.442647,122.403120,692.703235,0.000000,0.000000,0.000000
94,161.908152,57.291102,604.983845,203.943100,76.962720,642.646847,150.941972,68.357608,665.265841,209.121483,107.528863,625.443313,136.264875,104.030412,651.623225,205.613513,129.870398,623.260517,128.968180,134.904922,644.274095,180.511133,101.552706,603.722476,131.208464,84.746137,532.629192,196.563531,121.920087,627.634581,109.086897,80.735341,534.461031,185.696453,123.281248,695.588799,113.802000,104.615000,543.907000
95,161.459294,57.327716,604.342157,203.508135,77.584428,642.319974,150.309455,68.693462,665.056502,209.619430,107.331097,627.127231,135.434312,104.523411,650.721982,208.431558,131.242738,624.327865,128.223661,135.423396,643.057755,181.770290,102.340340,608.236485,131.524688,85.866195,535.175059,197.132898,123.151329,630.294063,107.291175,79.021327,532.137434,186.950235,124.159373,698.474702,105.473000,96.364000,501.011000
96,161.166685,57.552153,604.717358,203.380873,78.435486,642.562314,149.919174,69.186026,665.149550,210.037556,107.832365,628.754136,134.645695,105.148418,650.136934,210.194380,132.653263,625.510357,127.429244,136.003850,642.177186,183.287318,102.804421,613.881688,131.481024,85.566352,535.473159,197.702685,124.382585,632.953703,105.622809,77.362896,531.516969,188.204070,125.037508,701.360223,129.080000,114.399000,621.052000
97,161.230197,57.967521,605.502061,203.408383,79.309815,643.121770,149.559247,69.715570,665.693836,210.575142,108.717996,630.292051,133.828747,105.639282,649.605312,211.122055,134.080685,625.218098,126.615099,136.596363,640.866147,184.876965,103.808867,621.360273,131.153413,85.332580,536.389084,198.271553,125.613838,635.613408,103.944315,76.678701,527.301394,189.457916,125.915635,704.245762,104.510000,96.102000,499.698000
98,161.153165,58.455330,605.456602,203.229031,79.940299,643.293303,149.202184,69.986394,666.020444,210.179190,109.401117,629.495717,132.992693,106.064861,649.007790,211.757117,135.491535,625.209653,125.623063,137.216468,639.340159,185.272711,103.932733,623.960431,131.079148,85.263971,535.500029,192.741451,124.340369,616.744926,106.832450,81.448750,548.408023,181.952514,127.683946,689.264478,112.302162,107.093975,547.256278
99,161.236634,59.017919,606.291181,203.299953,80.665734,644.480541,148.886293,70.444596,666.658627,209.931528,110.334813,629.883409,132.277114,106.692145,648.774122,211.665513,136.881601,626.273219,125.180443,137.967687,640.012127,183.656332,104.081081,618.775020,130.113660,84.995753,533.789518,191.894108,124.764276,614.278574,105.046159,80.873191,539.699733,180.320786,127.604968,683.794369,111.116852,107.383075,546.216868
100,161.452199,59.630084,607.633674,203.156390,81.347120,644.908537,148.629113,70.852075,666.922664,209.510226,111.346368,629.641241,131.883045,107.332553,649.492829,211.482524,138.366732,627.367505,124.617225,138.705114,640.709680,184.146508,104.832179,621.775316,129.867899,85.165113,533.791347,191.421584,125.526399,613.229027,102.092685,81.116893,534.594706,178.826785,127.287030,677.504706,109.775416,106.806286,543.385722
101,161.444438,60.226655,608.042764,203.476641,82.288916,646.511590,148.426121,71.323875,668.435847,209.708626,112.743048,630.576877,131.212260,107.892767,649.586061,211.392611,140.041451,628.624821,123.823668,139.582198,641.649890,183.017560,105.079131,618.625085,129.764481,85.384681,534.092506,190.993600,126.420003,612.198217,101.155894,79.999909,534.177351,177.458705,126.742265,673.072666,108.754460,107.372040,543.124823
102,161.491520,60.756044,607.936103,203.308510,82.961196,647.079949,148.119088,71.744873,668.654737,209.829590,113.997782,632.094665,130.733061,108.561689,651.298394,211.028935,141.318558,628.513842,122.889681,140.466121,642.590802,182.229979,105.692595,617.028815,129.786404,85.786181,534.712044,191.581427,127.666115,614.599257,100.078799,79.160976,529.226729,176.911726,126.540933,670.176127,107.733456,107.937760,542.863787
103,161.678037,61.299107,608.229549,202.797827,83.531041,646.342129,147.439423,72.131074,667.910166,209.981306,114.603109,631.826254,129.506252,108.882438,649.621338,211.639035,142.538946,626.405391,121.608185,140.933115,639.994388,182.766560,106.672715,619.716063,128.815322,85.341728,532.264770,191.493279,128.442362,614.876322,99.719995,79.769402,531.649427,177.318376,127.865333,670.918992,106.712305,108.503359,542.602951
104,161.949926,61.859331,608.821979,202.617558,84.066534,646.462941,146.794408,72.547099,667.379625,210.641207,115.388022,632.575574,128.321352,109.234226,648.443602,212.345010,143.715118,625.542778,120.330749,141.405534,638.133317,184.047483,108.115302,625.330053,127.968334,84.912569,530.171477,192.815314,130.373425,619.694607,99.481126,79.783662,529.331733,179.343911,130.530283,678.171151,105.691440,109.069219,542.342011
105,161.962982,62.458126,609.235795,202.377344,84.668891,646.411590,146.454061,73.082960,667.653357,210.465966,116.155099,632.603254,127.601842,109.881786,648.599302,212.709257,144.750420,626.564920,119.380870,142.397185,638.378988,182.935862,107.978624,622.700796,127.850833,85.350095,530.967420,190.870271,130.168429,613.784895,99.413218,80.601392,533.093893,179.226289,131.105614,677.684773,104.670433,109.634936,542.081127
106,161.923198,62.966734,608.582350,202.449943,85.224086,647.027507,146.140538,73.611846,668.149935,209.755841,116.690894,631.271134,126.889959,110.215193,649.711019,211.910517,145.185279,624.335586,118.644077,143.460605,638.884100,181.480835,108.292549,618.488901,127.060190,85.512821,529.208811,190.583561,131.013480,613.465697,98.675559,80.418659,529.500207,179.843924,132.178556,679.277676,103.649421,110.200578,541.820130
107,162.095837,63.496599,609.514831,202.789040,86.017451,648.815855,145.910509,74.655504,669.596261,209.677514,117.428143,630.913622,126.742553,111.701229,651.420134,212.142568,146.185948,624.785958,118.494076,145.278368,640.547875,179.921586,108.902141,614.066847,126.117077,87.294188,528.938579,189.463445,130.789781,610.964434,98.130119,81.301371,535.003959,180.428998,133.303266,681.895896,102.628482,110.766380,541.559198
108,162.261965,64.005763,610.303043,202.952024,86.707877,648.532099,145.641031,75.598848,669.742884,209.865028,118.301508,631.297816,126.388607,112.919779,650.965343,212.106094,147.031242,624.348195,118.026894,146.692433,640.345843,179.779747,110.506280,614.444561,125.948323,88.950324,529.563432,190.158024,132.272037,613.149629,97.776869,82.168892,537.354317,180.448484,134.043705,680.814977,101.607402,111.331977,541.298266
109,162.379342,64.518854,610.791392,202.922484,87.539928,649.267980,145.287515,76.638649,669.888793,210.254820,119.502051,632.859980,125.901307,114.137770,651.139398,212.348928,148.065443,624.881304,117.666961,148.444352,641.133790,180.178343,111.939024,616.965130,125.337293,90.578984,528.698789,190.995604,133.383509,617.046940,97.183701,82.574949,537.672186,181.283778,135.228939,682.875869,100.586493,111.897833,541.037321
110,162.147970,65.044908,610.199213,202.949137,88.200873,648.888088,144.891550,77.351469,669.198500,210.101107,120.253112,632.408389,125.640676,115.347612,651.579792,211.934730,148.727701,623.736769,117.608791,150.329310,642.175250,180.006711,113.264533,617.250186,124.799050,91.588379,527.245254,189.734521,133.984843,614.398118,96.122081,83.413582,536.068343,182.041219,136.421788,684.820453,99.565394,112.463556,540.776508
111,162.216254,65.652373,610.538895,202.710537,88.659632,647.997239,144.431330,78.253915,667.985576,209.564542,120.852422,631.034248,125.571611,116.467047,651.238349,211.305849,149.073006,621.305056,117.676129,151.938217,642.633373,178.868709,113.522189,614.321150,124.686444,92.911573,528.567874,188.774652,134.055121,611.796641,96.464087,84.967827,539.547506,182.261478,137.060344,681.743568,98.544386,113.029274,540.515279
112,162.160837,66.196890,611.213653,202.602895,89.122485,647.079177,144.061623,79.112237,667.764021,209.439848,121.873341,630.469141,125.687159,117.962919,651.385927,210.924412,149.388039,619.315255,117.808153,153.388827,642.523358,179.129169,114.864656,616.197778,124.245459,94.183118,527.945013,188.215011,134.673238,610.296189,95.917775,86.061619,539.599530,183.478937,139.139091,686.951120,97.704134,113.538318,542.905584
113,162.194515,66.690417,612.223809,202.807242,89.566008,646.703621,143.808707,79.841390,667.783759,209.351419,122.676167,629.681506,125.680287,119.394987,651.214563,210.802041,149.720626,617.864353,117.839386,154.855205,642.133185,178.707771,116.254546,614.778181,124.134305,95.899470,529.116968,187.879696,135.607014,609.043246,95.661911,87.089495,539.514011,182.249125,140.436570,687.732054,97.216693,113.949782,544.741106
114,162.259327,67.059196,612.811236,203.243572,89.968875,646.874580,143.770121,80.438216,668.820701,209.711798,123.667769,630.199941,125.932792,120.461712,651.560315,211.642841,151.004421,620.194938,118.067018,156.426003,641.371861,179.472591,117.874841,618.621163,123.989886,97.212446,529.214407,184.515338,135.914773,595.355416,94.328262,87.041502,534.839547,184.070964,135.417934,673.530141,0.000000,0.000000,0.000000
115,162.407099,67.235946,612.685709,203.395942,90.310741,646.430785,143.646526,80.926652,668.750452,210.419660,124.639679,631.312502,126.159883,121.339631,651.366049,212.199741,151.873994,621.043993,118.271797,157.757277,639.580471,181.093811,119.519803,626.071361,123.612777,98.155740,528.509486,182.884514,135.389412,593.097981,93.502787,80.988474,536.047532,182.174948,136.535324,672.184687,104.929000,130.945000,603.809000
116,162.585757,67.265405,612.156608,203.313792,90.585113,646.327688,143.621208,81.225619,668.847907,210.927224,125.232894,632.233948,126.530353,122.020530,651.662670,212.827847,152.737651,621.578027,118.563641,158.874048,637.997898,181.730090,121.250284,629.352064,122.990912,99.033549,527.505186,182.539197,135.937515,594.043162,88.393613,76.469059,531.494731,179.973641,137.284018,667.107198,93.443000,116.613000,537.717000
117,162.890106,67.118493,613.843161,203.503222,90.796959,646.181285,143.641250,81.621957,668.942338,211.713814,125.970453,634.157103,126.219349,122.416245,649.687767,213.353580,153.462773,622.794659,118.227202,158.962104,635.964675,183.130332,124.066135,634.968781,123.132232,99.791679,529.072928,183.182254,137.279434,597.524483,88.298881,78.911151,532.777018,178.437493,138.939393,669.156067,81.898000,103.493000,486.446000
118,163.279438,66.963541,615.364385,203.748444,90.972562,646.423903,143.679234,81.853044,669.502086,212.600629,126.493140,634.926321,126.149526,122.564693,648.366203,214.358678,154.451377,624.897510,118.185046,159.448996,634.442278,184.473067,125.296052,639.897150,123.116074,99.558096,529.980098,184.451189,139.124065,602.150224,89.257547,82.418083,535.804616,176.917316,140.987154,669.874994,0.000000,0.000000,0.000000
119,163.796054,66.948778,615.883103,203.963974,91.187495,646.627778,143.798357,82.056374,669.430278,213.144005,127.028460,636.192572,126.117981,123.033097,648.605708,214.573037,154.970341,624.367706,118.375872,160.377906,635.087048,184.423632,125.144166,639.691295,123.437902,99.411038,531.851743,186.713744,141.056521,607.377929,89.241792,85.223320,536.800949,175.182290,142.742204,670.312205,0.000000,0.000000,0.000000
120,164.320207,66.837828,616.252642,204.194998,91.348027,646.775144,144.075991,82.299025,669.558539,213.369864,127.333919,635.584061,126.098572,123.565964,649.038478,215.802549,156.426069,626.424236,118.733490,161.224283,635.963832,185.744977,126.129494,643.999317,123.817899,99.239183,532.465200,188.216474,142.711664,612.329846,89.270609,87.967384,538.007568,173.706834,144.140439,670.833605,0.000000,0.000000,0.000000
121,164.841457,66.705212,616.791387,204.732782,91.478163,647.559701,144.402333,82.574369,670.412565,214.637207,127.302160,636.507030,126.049389,124.024588,648.172566,217.010580,157.324655,626.553096,118.825671,161.888519,634.927212,185.506123,125.525908,643.077209,123.725782,99.279468,533.423530,189.933698,144.263844,616.831806,89.253069,90.668592,539.300605,172.103143,145.047419,669.754181,0.000000,0.000000,0.000000
122,165.225609,66.582910,617.042447,204.815850,91.370466,647.089388,144.598010,82.725563,669.666520,214.848752,127.194752,635.926250,126.054260,124.353461,647.646435,217.841948,158.056481,624.275945,118.932817,162.676156,634.421450,187.805562,127.710379,651.762827,122.651154,98.907590,530.919301,190.890309,145.424256,619.264815,89.493505,93.230826,541.229322,170.416714,145.875190,668.847524,0.000000,0.000000,0.000000
123,165.569400,66.427260,616.685790,205.228773,91.791879,647.858184,144.923563,83.040129,670.528462,215.773235,127.570597,636.956685,126.125349,124.729447,647.647144,218.689820,159.280144,625.584203,119.096655,163.480305,634.983219,187.776884,127.860222,650.805747,122.721695,98.789326,530.442382,191.998376,146.643621,622.221553,89.512890,95.636902,542.257513,169.016981,146.681169,666.840070,0.000000,0.000000,0.000000
124,166.135215,66.617932,617.906877,205.627017,92.038180,647.466448,145.021675,83.349061,670.325040,216.228373,128.165138,636.617067,126.292313,125.688452,648.756595,218.970662,160.446525,625.571190,119.412468,164.446490,636.257699,188.972837,128.934009,654.741169,122.632018,98.759432,530.920191,193.273287,148.025628,625.513189,89.636661,97.898973,543.524052,168.074659,147.644921,665.422097,0.000000,0.000000,0.000000
125,166.375982,66.808965,617.451122,205.816278,92.011396,647.093260,144.997380,83.635285,669.415603,216.541617,128.813780,637.246764,126.074192,126.132538,647.408792,219.316599,160.969155,625.187394,119.225217,164.926555,635.019446,188.996678,129.175185,654.686788,122.791254,98.888054,531.578635,194.454231,149.325415,628.567609,89.788127,100.174979,544.498675,167.333698,148.691480,665.456229,0.000000,0.000000,0.000000
126,166.617600,66.966967,616.890986,206.041798,92.231897,646.962378,144.911404,83.866369,669.147983,216.742732,129.550689,637.391712,126.037452,126.872120,648.661675,219.691183,162.295978,626.478725,119.401470,165.870683,635.434205,189.663874,130.174952,657.271865,122.977373,99.366290,532.084952,195.473529,150.504204,631.075548,90.063383,102.247697,545.158451,166.294491,149.348060,665.325265,0.000000,0.000000,0.000000
127,166.817415,67.121045,616.080776,206.090289,92.256477,645.985875,144.842590,83.975249,668.531751,216.615721,130.162768,635.861644,125.803910,127.331982,648.322236,219.492659,163.348468,625.280004,119.392712,166.579061,635.195984,190.265514,131.249659,659.578629,122.292954,99.963611,530.814525,196.324861,151.422729,632.697542,90.459730,104.588895,545.976935,165.406740,150.096158,664.980359,0.000000,0.000000,0.000000
128,166.976234,67.308517,615.185676,206.318394,92.401485,646.259577,144.778236,84.098099,667.708950,216.755457,130.786262,636.224264,125.676255,127.847009,647.762319,219.622177,164.716188,626.248775,119.326237,167.015862,634.192478,188.996002,131.127709,654.600935,121.658472,100.145153,528.579947,196.823683,152.091088,633.091225,90.515947,106.468883,546.083793,164.580812,150.695267,664.374765,0.000000,0.000000,0.000000
129,167.336882,67.567504,615.076183,206.670161,92.295675,646.339126,144.774515,84.265784,667.147624,217.246248,131.218642,636.523112,125.545648,128.213517,646.333879,220.372929,165.968647,626.859391,119.169585,167.409234,633.210713,189.569937,131.587346,655.809456,121.658212,100.981497,528.881273,197.432737,152.794467,634.426230,90.715431,107.583438,547.438995,163.722651,151.188538,663.308883,0.000000,0.000000,0.000000
130,167.740048,67.918962,616.118506,207.360569,92.446169,647.105462,144.718559,84.664327,667.591956,217.808271,131.800666,636.937235,125.482523,128.599841,646.078432,220.805854,166.598556,626.723990,118.915416,167.748641,631.360415,188.462352,131.592400,651.656871,121.167976,101.168507,527.954065,197.512945,153.276144,634.327460,90.661546,108.720669,548.212513,162.581628,151.520404,662.220407,0.000000,0.000000,0.000000
131,167.828217,68.246040,614.936051,207.448396,92.334462,646.327536,144.505005,84.907718,666.292718,218.055397,132.354188,636.572482,125.324295,129.188008,645.174665,220.847295,167.383733,625.833746,118.955827,168.412434,631.533701,187.761905,131.854380,650.128257,120.675647,101.592214,526.742368,197.391729,153.634008,633.929327,90.429106,109.442311,549.016259,161.569594,152.111607,661.564661,0.000000,0.000000,0.000000
132,167.890142,68.465459,614.618001,207.555181,92.285373,645.419277,144.301300,85.175627,665.407798,218.016190,132.616161,635.405713,125.166276,129.796427,644.442320,221.099556,167.847989,625.308679,118.970882,169.047750,631.597921,186.933119,131.809054,646.288013,120.477816,101.960829,526.729064,197.394680,154.081278,634.417588,90.140533,110.325510,550.484392,160.557500,152.702863,660.908928,0.000000,0.000000,0.000000
133,168.086388,68.800347,614.651422,208.378134,92.502454,646.253231,144.187108,85.720894,665.871281,218.611691,133.516415,636.084373,125.415968,130.749227,645.743557,221.506468,168.655802,625.734104,119.307158,170.252750,633.341019,186.739685,132.278749,645.990510,119.928223,102.435356,525.870357,197.673235,154.715041,635.994039,89.897829,111.535768,550.313836,159.213979,153.014477,658.565501,0.000000,0.000000,0.000000
134,168.277848,69.167623,614.630503,208.922817,92.547572,646.297521,144.105669,86.155217,665.668447,219.318812,134.209558,636.801288,125.313231,131.153490,645.889926,222.212371,169.475624,625.894709,119.482500,171.412940,634.290442,188.117693,133.438572,653.139363,119.558969,102.946786,526.332425,198.361242,155.722211,639.432043,89.582189,112.346966,550.695681,158.234291,153.908360,658.160063,0.000000,0.000000,0.000000
135,168.099404,69.544456,613.290724,209.268920,92.460256,646.123557,144.034557,86.555384,665.305700,219.931807,134.878367,637.534780,125.541381,131.844820,646.960228,222.426495,170.371259,626.121131,119.684234,172.529151,634.982311,189.110273,134.760537,658.059182,119.082074,103.569937,526.146571,198.938657,156.600982,642.356463,89.443477,113.532293,553.965361,157.739491,155.124073,659.140762,0.000000,0.000000,0.000000
136,168.100706,70.080677,612.417406,209.583035,92.405759,646.135947,143.880706,86.977736,664.745909,219.975033,135.275432,637.393330,126.405922,133.009915,647.945953,222.392280,170.805768,625.158459,120.481931,173.858132,635.595193,189.284501,135.768424,658.617946,118.205424,104.100018,525.719458,199.038022,157.028329,642.415186,89.044271,114.536382,554.840280,157.207239,155.848656,659.799118,0.000000,0.000000,0.000000
137,168.256791,70.658315,612.103093,210.047335,92.365511,646.072675,143.855682,87.390190,664.310041,220.098812,135.733707,637.467802,126.743279,133.927062,648.441271,222.321091,171.288682,624.253494,121.313806,174.964996,635.416634,188.482067,136.417962,655.569946,117.512231,104.246169,526.000656,198.177377,156.642442,639.432183,88.762506,115.855981,557.668824,156.349399,156.399956,660.116812,0.000000,0.000000,0.000000
138,168.383212,71.121226,611.663599,210.776041,92.476096,647.098352,143.898082,87.930775,665.241753,220.646172,136.230079,637.695012,126.970165,135.454706,650.694088,222.673614,171.970850,624.755736,121.801648,175.914825,637.370443,188.569494,137.554908,655.671164,117.105851,104.248210,527.014263,198.050904,157.151094,638.944020,88.134765,116.942506,557.127118,154.497185,156.537047,656.959127,0.000000,0.000000,0.000000
139,168.466970,71.164949,611.069658,211.324714,92.461357,647.015738,143.918292,88.437287,665.390360,220.671461,136.635512,637.791066,127.142106,136.624940,651.784288,222.888213,172.503741,624.380470,122.148740,176.628696,638.716081,186.903277,137.535168,650.124439,116.727834,104.099888,528.009304,196.689853,156.575999,636.141307,87.905262,118.279133,559.420580,152.907283,156.811225,655.489454,0.000000,0.000000,0.000000
140,168.469217,71.426022,610.709710,211.992213,92.620288,648.409245,143.976755,88.930866,666.385632,221.318929,137.185448,638.027277,127.295201,137.632272,653.942639,223.026296,172.975385,623.533104,122.406237,177.220978,640.235236,184.937086,136.477244,647.062260,115.815643,103.854173,527.353656,196.793702,156.712355,636.748950,87.100754,119.629545,558.777247,151.996362,156.913385,654.764263,0.000000,0.000000,0.000000
141,168.472672,71.714416,610.301627,212.555010,92.588950,648.537304,143.958293,89.419844,666.223374,221.976566,137.998730,638.896353,127.432686,138.526238,654.976848,223.446306,173.813121,623.815677,122.611682,177.843986,640.183297,184.481672,136.568479,647.899622,115.379705,103.523626,528.017999,197.155428,157.069454,636.948234,86.962467,121.373361,560.895348,152.071856,156.742169,654.349993,0.000000,0.000000,0.000000
142,168.446598,72.237941,609.909372,212.753776,92.522813,649.202536,144.004642,89.688569,666.114598,222.392280,138.322942,639.035631,127.318207,138.837032,655.957371,223.327487,174.179956,622.223236,122.530273,177.945177,640.154788,184.632825,136.271004,647.950921,115.018732,103.085252,527.952235,197.353499,157.482837,638.954218,86.828572,122.530857,560.525762,152.176996,156.621236,653.941950,0.000000,0.000000,0.000000
143,168.422075,72.885849,609.392050,213.414016,92.669872,649.840104,144.014796,89.948202,667.138927,222.867500,138.664450,639.063475,127.439791,139.235488,657.707549,223.649132,174.770494,622.432023,122.685556,178.431958,641.216876,183.432223,135.280152,644.551367,114.219427,102.343003,527.297451,196.974161,157.499540,639.117549,86.668496,123.228710,559.715157,152.282124,156.500320,653.534149,0.000000,0.000000,0.000000
144,168.477686,73.595618,608.991584,213.612839,92.569961,650.397744,143.972422,90.195774,667.109306,222.416750,139.039234,639.109317,127.449096,139.556786,658.420123,223.795433,175.175257,620.842144,122.737250,178.571791,641.220260,181.784367,133.953750,639.529880,113.828646,101.792580,526.760856,196.371869,157.109794,637.859049,86.227509,123.061726,560.139239,152.387269,156.379351,653.126013,0.000000,0.000000,0.000000
145,168.505812,74.308431,608.677406,214.004223,92.628732,650.906365,143.894147,90.431452,667.291950,223.077814,139.510787,639.928719,127.360765,139.947929,659.070194,224.466131,175.941829,621.740303,122.653745,178.673450,641.234425,179.431817,132.345989,631.637418,113.521816,101.557710,526.977975,195.433597,156.450758,634.034780,86.041572,123.322874,562.604604,152.492397,156.258444,652.717844,0.000000,0.000000,0.000000
146,168.509769,75.050745,608.376103,214.511607,92.803982,651.634515,143.788195,90.770559,668.243350,223.767110,140.247347,640.619884,127.400884,140.373172,659.730881,224.848153,176.759055,622.715440,122.636818,178.854327,641.262813,177.849984,131.059462,626.875984,112.756173,101.340296,526.361713,194.813785,155.938402,632.566073,85.829053,123.517362,561.756019,152.597563,156.137475,652.309844,0.000000,0.000000,0.000000
147,168.555399,75.780310,608.131276,214.944573,92.644291,652.089904,143.716185,91.047480,668.238803,224.489911,140.534916,641.125508,127.379251,141.038045,660.158748,225.032910,177.494897,624.256370,122.774997,179.056335,641.240271,176.358146,129.770541,621.962268,112.610336,101.081576,527.720920,194.032215,155.437054,630.828855,85.620250,123.610149,563.557481,152.702665,156.016583,651.901760,0.000000,0.000000,0.000000
148,168.301713,76.509454,606.992232,215.250998,92.572197,652.748030,143.669514,91.259311,668.108647,225.176618,140.950959,641.637220,127.265994,141.406593,660.533515,225.128691,178.376162,625.434716,122.911970,179.140337,641.100639,174.905105,128.478325,617.553024,112.382045,100.432277,527.256065,193.184012,154.975185,629.357687,85.351545,123.545851,564.537390,152.698130,155.809782,651.123361,0.000000,0.000000,0.000000
149,168.341129,77.242091,606.341016,215.578684,92.532878,653.438432,143.572144,91.468168,667.296651,225.474950,141.394534,642.257636,127.419042,141.847378,661.288692,224.585573,178.735574,623.065450,123.449265,179.461237,641.186522,172.740790,126.491894,610.272862,112.219960,100.222227,528.393891,192.322069,154.258098,626.632296,84.767553,122.996361,564.002859,152.117394,154.993425,647.706063,0.000000,0.000000,0.000000
150,168.295603,77.991814,605.498696,215.922206,92.527169,654.316090,143.211034,91.680720,667.022434,225.758275,141.727233,642.805488,127.551892,142.323229,661.951743,224.799376,179.777015,623.971434,123.734574,180.035397,642.006816,170.743194,124.548154,603.040703,112.065468,99.995004,529.201203,191.159441,153.580473,623.811525,84.136509,121.499145,563.407710,151.570038,154.677024,646.000418,0.000000,0.000000,0.000000
151,168.215134,78.787815,605.105093,216.296231,92.664970,655.517853,143.162353,92.032190,667.975886,225.859435,142.457684,643.533811,127.579581,142.887169,662.810730,225.069169,180.521630,624.897183,123.799281,180.560118,643.451313,169.028228,122.985269,597.331806,111.851281,99.655530,530.085495,189.795539,152.702023,620.303827,84.016065,122.479580,564.538185,153.482290,156.167070,653.370016,0.000000,0.000000,0.000000
152,167.740084,79.539269,603.869759,216.572614,92.787479,656.236532,142.479121,92.286380,667.869053,225.912293,142.907042,643.352660,127.802284,143.550171,665.296965,225.567952,181.022697,622.676261,123.900548,181.022547,644.373589,166.706065,121.044102,589.481128,111.502245,99.128061,529.116609,188.430278,151.822194,616.808335,83.455306,121.065623,564.446063,154.807810,157.166540,657.808284,0.000000,0.000000,0.000000
153,167.301399,80.369197,602.981303,216.787961,92.943602,656.706904,141.969254,92.546874,667.851564,225.804935,143.525889,643.952026,127.638298,144.165528,667.085511,224.535704,181.725437,621.177046,123.946999,181.354505,645.350662,165.500840,119.720612,585.115557,111.259333,98.932055,530.431588,186.812775,151.140185,612.863539,83.355747,121.028185,564.472028,156.692376,157.885099,661.209205,0.000000,0.000000,0.000000
