5,54.998,-65.932,596.002,0.88193,33.059,-20.033,602.511,0.59738,-22.588,-30.365,591.435,0.41980,-48.750,14.165,571.400,0.40040,-67.652,32.988,530.176,0.65671,92.353,-8.911,590.605,0.47251,108.485,44.319,577.639,0.42051,112.790,59.114,523.245,0.43023,-16.927,98.273,648.005,0.34149,-46.990,110.718,621.175,0.37478,-27.387,192.733,619.375,0.18224,42.456,99.026,591.674,0.35116,55.373,150.787,616.178,0.30170,31.167,225.642,580.792,0.24802,36.720,-82.472,590.811,0.90632,72.039,-75.663,587.835,0.88261,1.705,-72.343,595.636,0.77762,84.210,-56.994,564.663,0.77905
6,53.502,-64.213,587.066,0.85916,30.214,-19.145,575.798,0.60859,-23.808,-29.230,569.376,0.45571,-48.748,15.984,587.816,0.46476,-72.261,35.266,566.274,0.64205,86.541,-8.503,562.109,0.45815,103.384,43.576,550.579,0.45537,106.020,58.133,483.600,0.38231,-16.161,101.527,648.762,0.33642,-46.168,105.276,620.094,0.36062,-25.388,180.047,574.123,0.31084,45.392,108.469,643.403,0.37729,57.544,158.928,639.957,0.27874,31.685,227.973,590.444,0.16968,36.076,-81.027,580.741,0.88236,71.125,-74.711,586.152,0.86512,0.265,-69.316,576.302,0.76844,84.331,-57.059,565.574,0.69588
7,52.481,-63.854,583.878,0.84268,29.799,-18.866,568.034,0.58544,-24.222,-26.187,562.664,0.42300,-50.864,16.493,556.827,0.40898,-66.032,31.625,507.943,0.64828,85.476,-9.127,559.641,0.46648,102.000,41.287,546.697,0.46750,112.109,61.502,511.444,0.36102,-17.434,102.879,667.765,0.33883,-50.116,114.046,662.276,0.35726,-29.551,198.548,633.202,0.26964,45.817,109.413,649.159,0.38189,55.013,171.484,637.782,0.20732,0.000,0.000,0.000,0.07034,34.823,-81.432,583.546,0.84250,69.719,-72.620,580.516,0.86966,-2.548,-70.592,586.868,0.78099,84.436,-58.293,571.060,0.67389
8,49.787,-63.103,577.069,0.82491,29.826,-18.915,568.965,0.60055,-22.948,-29.028,565.275,0.41354,-49.999,15.293,562.198,0.42609,-70.380,33.390,536.290,0.63951,84.839,-9.214,564.361,0.47600,101.685,40.776,548.614,0.47152,110.315,60.561,508.861,0.40964,-17.050,96.858,623.764,0.30126,-47.581,112.643,649.576,0.33886,-28.302,184.746,591.398,0.11530,42.962,105.524,630.455,0.36562,51.020,162.828,608.323,0.14580,30.612,235.546,611.983,0.10964,33.920,-80.957,580.249,0.83222,68.440,-70.624,570.092,0.87133,-1.796,-68.959,573.356,0.76217,81.710,-57.138,566.346,0.62639
9,49.453,-62.671,573.037,0.81749,31.023,-19.656,591.407,0.58468,-23.573,-29.108,580.411,0.40662,-53.133,15.119,581.609,0.39280,-73.428,35.135,564.531,0.62460,88.368,-8.815,583.197,0.45797,106.451,44.358,578.023,0.41965,112.417,60.463,518.562,0.32197,-19.402,105.577,679.863,0.33504,-55.159,130.482,717.470,0.33689,-30.226,215.960,683.448,0.34214,44.686,112.531,667.596,0.37229,61.337,170.486,673.414,0.32931,34.433,236.421,614.258,0.18374,33.380,-79.677,570.908,0.84186,68.232,-71.772,573.755,0.86052,-1.791,-69.099,574.505,0.74752,80.473,-56.733,562.386,0.62917
10,53.794,-66.327,606.499,0.81593,30.035,-19.018,572.439,0.60490,-23.501,-29.006,578.505,0.42115,-52.265,16.239,572.128,0.40152,-72.773,34.834,559.598,0.65105,83.987,-8.370,554.204,0.44313,99.933,39.287,546.258,0.42217,102.309,52.230,488.299,0.38321,-17.586,99.947,643.622,0.34185,-50.935,123.735,662.796,0.31843,-28.719,203.630,649.293,0.36470,43.474,108.722,649.589,0.37908,55.513,145.386,609.163,0.46961,32.142,223.375,585.869,0.17693,35.405,-84.460,605.272,0.83307,72.444,-76.193,603.394,0.86204,-1.889,-72.721,604.829,0.76881,89.309,-62.434,619.047,0.59533
11,50.915,-63.643,582.057,0.81222,30.832,-18.843,588.079,0.57178,-24.817,-26.158,577.129,0.37343,-50.364,18.551,558.701,0.35811,-63.334,31.202,491.669,0.61272,87.743,-10.938,583.770,0.46621,107.697,43.598,577.276,0.43948,117.210,61.861,559.423,0.43490,-14.314,99.635,636.728,0.30110,-48.505,115.169,673.458,0.33175,-27.096,199.802,629.848,0.12162,47.935,108.108,646.016,0.35469,58.029,158.161,636.862,0.32242,33.162,242.604,632.308,0.12508,34.005,-80.477,581.608,0.81975,69.568,-71.760,579.374,0.87011,-1.856,-71.646,595.733,0.73834,86.062,-59.199,586.764,0.57358
12,51.627,-62.786,574.285,0.82574,29.390,-14.890,573.500,0.53418,-23.459,-21.989,577.622,0.35288,-50.655,18.943,569.606,0.33516,-69.503,34.868,539.463,0.54206,87.397,-7.879,567.687,0.45515,105.457,43.498,558.006,0.39454,104.857,55.301,494.694,0.41882,-15.677,103.526,661.507,0.30583,-48.013,116.830,655.438,0.32229,-27.341,203.924,635.620,0.14935,46.024,108.127,641.502,0.34942,60.800,152.766,633.689,0.36720,34.831,235.547,608.191,0.14770,34.402,-80.392,576.253,0.83744,68.705,-71.560,572.080,0.87606,-1.118,-66.709,571.955,0.73333,84.804,-56.249,578.130,0.64823
13,53.190,-64.699,591.641,0.82968,30.000,-14.873,572.613,0.53505,-22.744,-22.673,577.399,0.35232,-50.096,17.543,548.181,0.31045,-65.920,33.700,511.675,0.51693,86.915,-8.599,569.049,0.46950,105.930,43.972,564.061,0.42326,111.940,59.039,528.152,0.39188,-17.132,105.022,655.918,0.30494,-48.885,124.623,667.473,0.28211,0.000,0.000,0.000,0.07706,46.982,109.262,643.517,0.33979,62.908,162.062,655.775,0.28108,34.445,243.841,627.648,0.12226,35.812,-82.098,588.472,0.84391,70.614,-74.235,587.934,0.87413,-0.420,-67.233,582.681,0.72944,84.930,-57.031,579.021,0.62117
14,51.198,-62.264,569.420,0.82486,32.605,-16.162,594.497,0.54344,-21.465,-26.451,599.919,0.40573,-53.971,20.886,606.865,0.38142,-78.881,41.427,606.615,0.52475,91.997,-8.242,592.896,0.49305,112.228,48.446,593.829,0.42641,112.974,60.155,521.186,0.30773,-18.269,106.290,668.851,0.28647,-47.487,129.438,659.200,0.28127,0.000,0.000,0.000,0.09820,49.003,113.974,671.358,0.35223,59.286,160.978,642.006,0.34654,38.116,236.871,602.214,0.16062,35.250,-78.620,568.172,0.86168,67.870,-71.333,564.896,0.86821,0.277,-65.744,569.752,0.73568,85.604,-58.633,574.150,0.70174
15,51.398,-62.544,571.870,0.83362,30.720,-17.631,572.225,0.53788,-21.010,-26.413,567.861,0.40278,-51.477,19.408,563.591,0.35462,-65.891,33.989,506.628,0.53192,87.574,-7.892,568.923,0.44849,106.380,45.908,562.933,0.40637,109.449,60.093,504.872,0.36396,-18.358,103.033,643.489,0.30969,-48.260,124.037,627.758,0.33647,-24.744,202.959,627.871,0.24937,45.924,108.668,639.991,0.36319,57.555,152.835,615.427,0.35609,35.398,235.135,605.217,0.14915,34.013,-79.524,569.872,0.84933,68.305,-71.829,568.794,0.87619,-1.813,-67.631,579.880,0.73605,82.280,-55.916,560.953,0.62730
16,53.585,-65.875,596.031,0.84946,32.054,-19.420,584.452,0.57538,-21.303,-31.279,595.092,0.44342,-54.637,19.155,598.023,0.37653,-71.026,37.985,556.477,0.56319,90.057,-7.360,580.436,0.45725,106.732,44.025,564.755,0.41890,111.162,61.249,504.307,0.30874,-18.560,103.359,650.415,0.29272,-48.398,129.202,649.896,0.32597,-23.715,215.949,663.056,0.17950,47.710,111.021,653.836,0.35458,60.050,156.634,633.821,0.34255,36.228,242.948,619.546,0.17414,35.530,-83.080,595.259,0.85680,71.892,-76.301,598.591,0.87554,-2.549,-69.001,591.653,0.75068,84.007,-56.180,577.413,0.61110
17,52.746,-64.839,586.643,0.84781,31.443,-19.037,573.363,0.58486,-21.155,-28.677,571.927,0.44274,-53.177,18.158,567.124,0.33516,-69.454,37.108,534.144,0.52872,87.248,-8.559,566.814,0.47068,107.567,43.254,572.749,0.41609,110.531,61.571,506.993,0.29204,-18.002,105.491,658.767,0.32334,-49.909,133.788,681.286,0.29241,-29.492,234.758,726.228,0.25260,46.247,109.425,644.438,0.35395,57.110,149.683,602.716,0.32584,33.233,216.312,556.779,0.13789,35.164,-82.228,589.128,0.85680,69.500,-73.769,578.681,0.87937,-1.866,-69.356,588.738,0.74889,81.479,-55.832,560.083,0.59588
18,52.095,-64.920,587.403,0.83387,29.795,-18.195,567.850,0.57794,-21.696,-27.107,568.023,0.41305,-52.073,17.780,555.317,0.35084,-69.971,36.088,538.093,0.59111,85.880,-8.570,566.711,0.46317,106.414,44.463,570.449,0.38947,108.943,60.162,505.423,0.35056,-17.694,99.298,620.116,0.33214,-48.468,127.836,650.988,0.27090,-24.122,192.028,594.093,0.13960,44.697,105.790,623.019,0.36700,57.688,153.915,616.814,0.34813,35.019,231.458,586.631,0.19335,34.199,-81.635,584.937,0.84816,70.143,-73.796,584.312,0.86506,-1.857,-70.475,586.382,0.77790,85.648,-57.497,598.543,0.55488
19,48.089,-62.685,573.211,0.83175,30.059,-18.351,572.956,0.58362,-21.902,-29.447,573.589,0.38550,-51.131,17.254,559.727,0.34975,-69.821,35.370,537.051,0.60616,85.908,-7.816,562.477,0.44504,104.878,42.728,565.779,0.43816,106.763,58.946,495.268,0.35100,-17.809,104.321,651.467,0.32050,-50.051,131.177,672.129,0.25622,-25.347,221.575,685.416,0.13148,44.797,111.604,657.228,0.36307,58.377,157.537,640.562,0.49474,34.212,229.130,597.189,0.20691,31.946,-79.532,570.010,0.85235,67.384,-72.279,572.451,0.84015,-2.438,-67.159,564.218,0.76895,81.620,-57.540,570.389,0.54572
20,49.201,-64.130,586.662,0.83329,29.676,-18.111,565.961,0.56693,-23.177,-27.243,570.571,0.41222,-52.009,17.996,561.972,0.39718,-68.009,35.088,523.064,0.64127,85.451,-7.210,568.349,0.43347,101.734,41.332,556.109,0.44221,107.987,60.845,500.915,0.33876,-17.925,95.814,602.916,0.31431,-43.553,108.832,594.456,0.26051,-23.432,192.963,594.698,0.19902,40.075,104.240,609.581,0.35586,55.087,148.963,596.983,0.44268,30.990,223.585,564.966,0.19540,32.121,-81.648,585.258,0.84819,68.738,-73.031,583.957,0.83526,-2.615,-70.625,599.558,0.75445,83.014,-57.831,580.160,0.59277
21,48.063,-62.652,573.135,0.83199,30.354,-19.220,578.644,0.59328,-22.615,-28.778,573.917,0.42718,-52.124,17.575,570.652,0.37103,-72.425,35.999,556.891,0.64115,85.930,-8.623,571.651,0.43073,99.830,39.097,552.980,0.47392,101.584,55.520,502.138,0.47243,-17.290,101.379,633.153,0.29595,-48.005,120.806,655.530,0.27642,-25.512,197.925,610.018,0.16612,45.118,110.486,650.659,0.35210,58.624,157.765,635.267,0.42894,35.992,237.241,603.133,0.19645,30.532,-78.632,568.483,0.84611,66.705,-70.201,566.778,0.84063,-2.515,-67.406,572.096,0.78345,78.532,-55.375,548.987,0.60288
22,48.009,-62.828,580.870,0.83933,28.340,-17.050,553.069,0.54841,-23.540,-27.566,563.246,0.40935,-51.541,14.650,564.021,0.37425,-73.354,35.145,553.757,0.60090,82.966,-6.341,551.986,0.44754,93.642,37.907,518.652,0.48223,93.567,51.995,465.272,0.47134,-18.072,99.939,633.760,0.28852,-53.422,131.835,706.145,0.30889,-30.094,226.921,699.340,0.18247,43.788,109.098,642.603,0.36182,60.686,167.039,666.177,0.40238,36.144,253.595,644.733,0.20737,31.091,-79.443,579.265,0.84921,66.063,-70.296,573.058,0.84672,-2.525,-66.613,577.269,0.77318,76.055,-53.447,536.210,0.69144
23,50.127,-65.589,606.553,0.83075,30.875,-18.858,589.008,0.58741,-21.735,-28.754,587.367,0.42239,-56.416,19.993,601.685,0.41848,-85.107,39.743,614.529,0.57432,85.900,-7.250,571.535,0.45234,100.378,39.963,555.925,0.44973,110.561,61.230,559.872,0.52262,-21.109,102.790,656.873,0.30609,-48.671,119.057,613.865,0.31410,-27.482,203.170,621.540,0.21723,43.349,114.098,671.910,0.37541,58.773,161.038,645.318,0.41685,36.401,249.228,635.550,0.22253,32.567,-81.829,607.241,0.85100,69.426,-73.184,602.293,0.86657,-2.690,-70.371,616.284,0.78438,83.760,-57.199,595.295,0.67780
24,46.699,-61.294,573.225,0.83257,30.445,-19.288,580.513,0.62252,-22.453,-30.886,587.633,0.46859,-53.378,15.192,584.220,0.41922,-79.855,36.268,571.532,0.62362,85.533,-7.273,573.686,0.44290,96.616,38.078,538.793,0.48886,104.461,57.855,529.060,0.54226,-22.399,101.342,647.552,0.31769,-55.607,135.284,680.565,0.29254,-30.972,229.704,700.139,0.24637,39.112,104.868,617.625,0.35983,56.690,158.945,630.839,0.37577,34.143,251.884,636.451,0.18716,30.256,-78.363,576.451,0.85509,65.294,-69.568,572.504,0.86372,-3.191,-65.474,573.358,0.76184,81.439,-55.626,578.905,0.61625
25,48.757,-64.005,598.426,0.83789,29.231,-18.502,557.308,0.59207,-20.756,-29.471,560.921,0.45436,-52.806,16.888,570.543,0.40815,-75.805,34.444,542.617,0.60295,83.783,-6.456,561.929,0.43854,97.649,38.505,544.556,0.47068,103.999,57.597,526.732,0.44545,-22.260,102.353,644.114,0.30493,-51.894,126.944,654.493,0.28146,-29.305,198.705,612.395,0.16943,40.608,109.644,641.164,0.35030,57.677,161.881,633.395,0.36213,32.858,244.892,626.422,0.17590,31.836,-80.759,594.020,0.85878,67.367,-73.176,596.646,0.86832,-2.600,-67.953,595.140,0.78833,81.717,-54.397,580.953,0.71767
26,46.100,-60.517,565.860,0.83039,29.838,-17.950,582.618,0.56190,-23.265,-28.031,572.807,0.45357,-55.043,17.159,579.385,0.44618,-79.278,36.367,562.609,0.58774,86.469,-6.650,579.824,0.44262,101.507,40.563,573.763,0.37621,108.848,58.085,568.687,0.35251,-22.985,105.590,664.401,0.31899,-57.132,141.565,699.413,0.30288,-30.145,216.045,663.378,0.17045,40.672,108.555,630.403,0.35303,54.044,152.971,601.358,0.38911,32.032,227.588,583.974,0.20882,30.177,-77.191,562.879,0.85552,63.236,-68.707,560.103,0.86380,-2.451,-64.316,569.037,0.74481,79.008,-55.292,561.458,0.67206
27,47.188,-62.438,570.963,0.85527,29.894,-18.269,570.410,0.58895,-22.112,-28.825,561.384,0.43338,-57.039,19.662,571.401,0.45505,-88.800,41.438,566.980,0.42749,85.023,-5.804,565.562,0.44788,96.072,39.820,535.810,0.36643,104.058,55.101,527.059,0.41421,-21.451,102.278,643.608,0.29265,-53.555,134.261,675.384,0.29945,-30.208,218.097,664.774,0.19026,40.048,107.593,620.492,0.36653,52.042,147.230,578.837,0.42029,31.937,221.929,569.455,0.15373,30.724,-79.191,572.438,0.86803,65.792,-69.295,564.920,0.84470,-1.831,-66.072,578.668,0.75339,80.349,-55.098,566.455,0.71715
28,49.154,-66.473,594.940,0.88374,30.095,-19.063,574.138,0.57795,-23.484,-29.714,578.436,0.45573,-57.355,18.632,581.723,0.42599,-80.018,35.697,563.017,0.53957,83.611,-7.166,565.404,0.43500,97.194,38.435,553.212,0.37207,97.804,50.935,510.928,0.44657,-21.512,102.560,645.409,0.31756,-56.691,139.174,704.357,0.30517,-30.395,223.714,686.883,0.15722,43.464,113.052,661.164,0.34980,57.567,162.957,640.618,0.38606,30.203,217.313,562.845,0.16856,32.012,-83.209,596.046,0.88757,67.944,-75.155,589.451,0.85646,-1.864,-68.002,595.356,0.73470,82.819,-54.437,588.728,0.78303
29,49.542,-66.036,590.732,0.86339,31.754,-16.107,592.213,0.52930,-21.743,-30.879,587.643,0.43885,-59.447,19.778,595.591,0.41677,-86.282,37.944,587.089,0.45426,87.830,-3.214,589.136,0.37054,98.211,36.385,562.805,0.27229,103.626,52.353,551.769,0.24238,-22.982,107.315,665.183,0.32335,-51.881,121.659,664.543,0.29943,-26.440,210.469,632.196,0.16461,41.452,114.318,654.723,0.31612,55.094,151.490,612.947,0.38752,33.196,226.447,592.050,0.19092,33.126,-82.453,590.614,0.85888,69.183,-74.951,587.877,0.86485,-0.430,-67.701,592.699,0.69575,84.067,-54.793,592.576,0.80023
30,48.259,-65.931,583.545,0.84458,30.508,-17.940,582.036,0.54305,-22.475,-30.229,588.568,0.43268,-60.339,19.124,597.098,0.43372,-84.248,35.695,573.355,0.43146,83.646,-5.119,565.540,0.42092,99.916,37.210,564.865,0.33549,104.413,53.084,552.552,0.24109,-21.622,103.716,647.732,0.31123,-51.264,117.937,627.627,0.26919,-31.552,215.497,659.265,0.21394,39.598,109.174,625.201,0.32368,54.466,155.347,622.529,0.44560,30.646,214.949,558.461,0.17114,32.217,-82.647,586.903,0.85931,68.118,-75.264,584.748,0.88028,-1.833,-66.788,584.750,0.72707,81.107,-52.874,571.816,0.80419
31,48.552,-66.357,587.099,0.82474,29.807,-16.831,568.363,0.53018,-20.946,-29.074,566.241,0.40397,-58.090,17.720,575.086,0.38202,-79.374,34.473,553.842,0.45571,82.883,-5.085,560.430,0.40546,96.802,35.637,551.023,0.34943,100.313,51.327,534.223,0.21764,-21.542,103.439,645.961,0.28253,-50.240,122.913,633.749,0.20235,0.000,0.000,0.000,0.08139,41.985,112.026,650.567,0.34201,54.232,163.694,637.475,0.41053,35.253,240.576,615.415,0.16869,31.821,-82.309,579.778,0.85018,68.732,-75.855,584.114,0.88881,-1.859,-66.481,588.260,0.75662,81.084,-53.524,571.398,0.75368
32,48.870,-65.161,582.658,0.84128,28.399,-13.740,554.675,0.50508,-23.720,-24.333,567.274,0.38136,-57.587,18.471,576.884,0.39081,-78.159,33.927,545.284,0.54508,81.078,-5.628,548.242,0.39366,96.771,36.944,550.760,0.35244,100.420,52.022,534.759,0.32425,-22.215,105.918,642.091,0.30629,-51.127,127.409,625.754,0.24074,0.000,0.000,0.000,0.07282,43.101,113.962,643.794,0.34408,55.784,158.601,620.512,0.37490,33.203,232.274,592.325,0.16133,33.501,-82.365,585.115,0.85670,68.414,-74.802,581.271,0.88025,-2.517,-65.423,585.044,0.78093,81.346,-53.003,573.279,0.82387
33,48.427,-66.158,585.620,0.84931,27.725,-14.430,582.433,0.48236,-24.454,-25.782,584.643,0.37901,-59.134,19.462,585.315,0.37339,-84.783,36.626,576.930,0.49714,83.874,-7.252,571.709,0.41016,97.523,36.299,551.278,0.34001,100.047,50.871,536.208,0.25239,-21.652,102.632,626.760,0.28678,-51.609,127.094,631.655,0.22546,-23.534,215.728,636.445,0.17479,42.802,109.669,628.033,0.34480,54.797,153.057,601.665,0.40195,34.284,221.120,574.493,0.18897,33.002,-82.939,588.873,0.84389,68.723,-75.167,584.028,0.87292,-1.829,-65.980,583.934,0.75127,83.768,-54.576,590.475,0.82808
34,46.569,-65.718,563.460,0.83872,28.717,-14.906,574.108,0.53566,-24.013,-26.040,574.579,0.39921,-58.880,18.882,589.934,0.33615,-80.571,34.206,571.743,0.53678,83.939,-7.196,567.489,0.40760,99.207,35.573,560.821,0.28420,98.181,47.381,526.323,0.20245,-19.798,103.974,639.737,0.25831,-46.352,113.550,632.777,0.23610,0.000,0.000,0.000,0.08638,43.915,114.531,655.930,0.35256,60.622,171.688,665.403,0.38138,36.260,238.928,607.424,0.17589,30.102,-80.253,560.433,0.84333,66.509,-73.439,565.173,0.89532,-1.722,-63.333,543.157,0.74386,77.904,-50.781,549.070,0.79369
35,48.435,-69.069,586.125,0.85710,30.190,-14.934,603.426,0.52896,-25.735,-25.660,597.916,0.41297,-59.279,19.747,593.815,0.40809,-89.966,37.457,602.347,0.42606,88.261,-6.083,591.857,0.38137,102.565,37.740,583.768,0.17872,0.000,0.000,0.000,0.00000,-20.675,111.021,668.141,0.22550,-48.366,115.677,671.708,0.26383,0.000,0.000,0.000,0.00000,42.315,111.906,632.157,0.37390,57.112,164.031,627.002,0.37376,35.165,237.990,601.344,0.15491,31.273,-84.133,582.626,0.85206,68.120,-75.899,578.933,0.88827,-2.598,-70.704,600.015,0.76328,79.170,-52.245,557.951,0.78789
36,47.047,-68.772,577.805,0.86321,26.968,-14.026,566.495,0.50999,-24.600,-24.521,571.598,0.36197,-56.566,19.514,566.590,0.41868,-83.848,34.627,556.845,0.50172,83.046,-5.723,557.045,0.38500,101.323,50.200,550.187,0.15011,0.000,0.000,0.000,0.08340,-16.338,107.443,656.180,0.21871,-47.203,114.396,655.145,0.25313,0.000,0.000,0.000,0.05151,45.726,115.100,659.204,0.35732,52.097,151.521,587.289,0.38711,30.766,213.884,537.163,0.14997,30.076,-83.485,573.324,0.87416,64.936,-75.463,575.238,0.87060,-2.524,-67.036,574.831,0.78133,79.544,-53.638,565.445,0.76360
37,47.681,-71.407,594.182,0.86151,28.292,-14.032,565.726,0.53293,-23.921,-26.610,572.088,0.39121,-57.598,18.700,584.144,0.39689,-82.393,31.775,565.299,0.51594,82.439,-4.341,552.843,0.33217,100.439,54.063,548.975,0.11082,95.973,43.798,480.149,0.10696,-18.346,104.551,643.223,0.29175,-54.512,130.580,677.463,0.33131,-29.948,225.280,676.700,0.23049,43.451,115.419,660.960,0.36236,59.976,176.171,667.193,0.35237,38.247,261.224,654.059,0.14358,30.886,-86.531,589.276,0.86606,66.465,-79.513,595.446,0.88075,-3.364,-70.913,608.163,0.78535,83.961,-60.191,596.812,0.78790
38,47.602,-72.404,602.312,0.86587,30.009,-14.864,600.047,0.55600,-26.345,-24.101,595.316,0.37994,-57.811,19.725,593.467,0.37334,-83.621,32.236,573.705,0.51882,88.585,-3.195,589.246,0.35279,107.867,51.689,581.937,0.13666,110.731,46.602,510.835,0.26080,-20.512,103.782,638.517,0.30285,-52.071,118.278,637.613,0.35869,-28.540,221.693,663.447,0.22234,41.541,113.936,643.625,0.35975,54.014,158.660,600.921,0.39425,38.457,262.600,657.526,0.11963,30.731,-88.787,599.961,0.84601,66.748,-79.878,598.092,0.88228,-3.327,-71.058,596.999,0.77358,85.688,-60.708,609.047,0.78033
39,43.248,-70.076,583.091,0.86404,25.958,-13.843,559.329,0.53084,-27.732,-24.252,565.294,0.34588,-61.947,18.803,565.834,0.30280,-87.591,31.506,526.800,0.42907,84.242,0.993,551.498,0.38208,0.000,0.000,0.000,0.08131,105.008,52.683,492.627,0.12213,-21.575,104.375,647.030,0.31548,-57.523,129.765,704.164,0.34336,-28.295,234.496,696.751,0.19554,41.878,112.543,648.961,0.35761,54.560,158.017,615.367,0.41502,33.895,232.148,579.516,0.13812,27.070,-85.697,583.600,0.82790,62.898,-76.915,576.003,0.85181,-3.934,-69.144,580.842,0.75508,80.739,-57.747,579.232,0.80614
40,42.536,-69.984,582.271,0.86289,26.221,-12.970,580.427,0.55844,-28.785,-23.859,572.380,0.37223,-62.960,19.527,588.014,0.37558,-95.385,35.155,599.803,0.57471,88.476,6.640,579.271,0.40231,0.000,0.000,0.000,0.05341,0.000,0.000,0.000,0.00000,-25.352,106.256,663.580,0.31678,-54.266,129.629,664.240,0.24970,-28.343,213.254,640.551,0.16254,38.528,111.209,632.548,0.35220,51.642,159.576,615.645,0.37052,30.382,233.483,579.343,0.14507,26.174,-85.722,579.267,0.84402,61.663,-77.084,577.270,0.83120,-6.157,-70.452,592.064,0.70538,76.088,-55.831,560.154,0.75157
41,42.431,-69.867,581.115,0.88077,26.455,-12.386,585.664,0.58685,-32.171,-23.432,596.791,0.35326,-66.680,20.726,602.315,0.37693,-94.012,33.681,586.740,0.53589,86.670,8.005,576.615,0.41620,0.000,0.000,0.000,0.08467,0.000,0.000,0.000,0.00000,-23.050,109.900,666.232,0.29428,-58.905,138.064,720.818,0.28799,-29.599,222.726,669.013,0.20994,36.362,105.701,597.099,0.38664,49.840,148.337,585.941,0.40197,30.353,235.878,592.411,0.18727,25.526,-85.125,579.815,0.85135,60.900,-77.891,583.180,0.83038,-7.335,-68.124,572.370,0.72079,80.042,-59.986,594.690,0.75133
42,41.782,-68.883,572.774,0.89525,24.368,-12.386,553.874,0.60701,-28.990,-22.928,549.914,0.38555,-63.221,19.658,571.069,0.37264,-97.138,33.744,575.817,0.41104,80.613,6.905,545.002,0.42576,79.405,65.316,532.455,0.11911,80.555,49.579,458.482,0.32700,-22.041,104.311,637.073,0.30024,-58.352,139.012,703.584,0.27012,-31.345,222.877,671.892,0.18966,38.774,113.414,649.536,0.40171,55.815,171.840,685.266,0.52894,34.952,249.962,651.474,0.20940,25.117,-84.481,570.779,0.86792,58.319,-76.140,565.006,0.84029,-8.006,-68.082,571.998,0.74955,75.069,-57.271,567.832,0.77142
43,40.527,-68.555,564.513,0.88143,24.302,-13.368,568.249,0.62016,-30.044,-23.908,557.494,0.40313,-64.489,19.633,570.128,0.45561,-93.454,31.147,553.995,0.46548,81.255,5.687,553.893,0.41949,0.000,0.000,0.000,0.09385,87.116,57.392,524.721,0.34749,-21.641,108.521,648.462,0.30275,-49.389,113.816,613.559,0.25126,0.000,0.000,0.000,0.08693,39.441,113.896,647.736,0.41697,50.161,156.799,625.303,0.49162,31.265,238.989,624.864,0.23132,24.817,-83.612,564.848,0.88357,57.304,-76.364,561.683,0.86096,-7.753,-63.891,553.519,0.75531,73.283,-56.421,559.344,0.78879
44,41.521,-70.302,578.810,0.87275,22.944,-12.011,568.613,0.57443,-32.650,-20.923,567.640,0.38067,-66.132,20.349,590.891,0.38142,-97.181,32.604,567.840,0.46042,80.334,6.285,547.649,0.44156,86.673,70.504,537.676,0.16277,90.408,51.301,514.588,0.36459,-21.643,109.368,648.788,0.28852,-52.495,119.171,642.484,0.29491,0.000,0.000,0.000,0.09931,40.020,112.559,644.575,0.39767,50.968,164.868,645.084,0.34502,29.004,241.152,609.343,0.18849,24.765,-85.723,579.090,0.87810,59.306,-80.436,581.483,0.88365,-8.859,-67.236,582.571,0.77172,77.087,-59.337,588.382,0.80532
45,41.227,-70.970,584.236,0.85033,21.982,-11.877,561.528,0.58710,-30.565,-24.305,566.835,0.39666,-70.304,19.735,572.569,0.39178,-106.137,34.210,560.824,0.35082,80.425,7.615,548.246,0.43827,76.812,69.789,532.346,0.10750,78.635,52.564,470.227,0.32966,-24.689,104.245,646.180,0.28231,-51.932,115.791,645.235,0.30725,0.000,0.000,0.000,0.08375,37.762,113.535,659.339,0.38014,48.042,170.309,669.518,0.39077,28.588,262.349,688.116,0.19033,24.165,-86.131,582.013,0.82375,58.241,-79.912,577.637,0.90034,-8.988,-69.975,587.948,0.78931,73.619,-56.743,562.241,0.82945
46,38.158,-69.791,580.328,0.85161,20.818,-10.619,566.690,0.57708,-32.105,-23.763,570.067,0.38008,-76.179,21.898,575.197,0.31694,-118.662,36.299,572.258,0.27758,78.809,8.392,555.530,0.42729,75.444,73.516,550.576,0.10967,77.732,53.888,482.139,0.36101,-24.725,105.233,647.464,0.30034,-54.272,123.760,654.380,0.31083,-31.802,206.476,617.962,0.17245,34.633,111.108,645.201,0.39771,41.387,154.141,586.459,0.36555,24.443,226.409,588.245,0.14937,21.132,-83.770,575.243,0.79726,56.277,-77.776,572.092,0.84181,-11.319,-66.480,564.288,0.73392,72.439,-56.715,568.822,0.78299
47,36.623,-69.484,577.833,0.87128,18.595,-8.485,561.278,0.60772,-36.666,-18.812,566.029,0.37218,-77.644,23.026,586.221,0.28374,-122.936,38.743,610.636,0.29280,76.818,10.973,550.815,0.39898,72.066,74.087,540.211,0.13786,75.737,52.749,476.991,0.42125,-27.920,105.510,649.128,0.29002,-48.972,111.492,582.079,0.26569,0.000,0.000,0.000,0.05409,34.639,113.757,660.580,0.37742,40.005,159.234,608.633,0.31540,23.369,226.359,579.047,0.13457,19.611,-83.345,572.303,0.83992,54.745,-77.857,577.741,0.82939,-13.186,-65.574,556.531,0.78227,72.634,-59.075,592.644,0.77396
48,35.757,-69.257,575.854,0.88920,16.993,-11.050,553.919,0.55983,-37.858,-19.074,553.411,0.37463,-72.825,21.600,549.833,0.22552,0.000,0.000,0.000,0.00000,72.650,4.278,544.541,0.41142,79.049,69.349,538.854,0.25255,85.107,51.488,535.991,0.42876,-23.684,102.540,640.386,0.23793,-50.746,116.291,603.339,0.25091,0.000,0.000,0.000,0.06232,35.471,108.954,646.296,0.34054,40.637,163.265,629.876,0.26816,20.652,224.398,601.928,0.12434,18.500,-85.207,580.347,0.82133,53.090,-78.871,575.094,0.87551,-15.090,-69.464,577.984,0.76962,70.398,-58.551,580.299,0.82298
49,31.921,-69.931,581.507,0.85987,16.888,-12.819,573.124,0.56805,-37.424,-22.952,566.986,0.40043,-78.004,26.203,563.229,0.30712,0.000,0.000,0.000,0.08955,73.543,3.762,566.722,0.40732,80.686,67.259,559.264,0.37068,86.975,49.394,556.181,0.48891,-28.719,103.155,649.146,0.34429,-56.827,134.988,647.608,0.32281,-35.312,207.309,613.795,0.13074,32.192,108.518,643.792,0.35871,38.961,154.961,627.049,0.29767,19.651,236.492,616.389,0.13469,15.089,-85.744,584.078,0.83255,51.552,-80.400,581.264,0.86727,-17.923,-68.271,579.464,0.74144,73.380,-62.410,611.105,0.80044
50,30.110,-69.791,574.764,0.86343,14.094,-8.645,572.073,0.56879,-42.268,-18.175,567.630,0.37980,-84.117,25.317,558.528,0.21584,0.000,0.000,0.000,0.00000,72.938,5.823,567.346,0.40639,78.098,66.659,560.093,0.15025,85.441,48.836,573.101,0.45692,-30.662,109.961,657.049,0.14978,-55.955,141.881,665.190,0.15224,0.000,0.000,0.000,0.00000,30.821,92.010,549.771,0.23178,0.000,0.000,0.000,0.06941,0.000,0.000,0.000,0.00000,12.052,-84.209,573.471,0.79966,47.337,-79.919,572.822,0.89949,-20.189,-70.154,583.350,0.79044,67.583,-59.973,580.250,0.75527
51,28.972,-69.675,579.495,0.83248,12.373,-9.755,556.298,0.58521,-42.055,-17.797,555.875,0.41273,-84.946,26.258,564.109,0.10369,0.000,0.000,0.000,0.00000,67.507,3.009,550.877,0.44408,76.326,65.231,542.635,0.25181,74.639,44.311,535.214,0.49409,-33.062,106.056,657.434,0.24705,-58.804,144.209,661.185,0.20732,0.000,0.000,0.000,0.06659,34.525,107.077,658.776,0.29689,38.844,167.881,650.700,0.11151,0.000,0.000,0.000,0.00000,8.654,-81.747,575.622,0.82097,46.169,-79.602,575.344,0.88198,-22.105,-68.164,578.475,0.74540,62.805,-59.448,562.295,0.78170
52,26.441,-68.948,585.302,0.80804,13.109,-8.469,560.014,0.57009,-44.987,-13.850,558.993,0.38214,-85.382,29.560,562.490,0.24930,-110.152,40.033,557.120,0.27137,67.707,3.039,558.127,0.41703,75.223,64.674,548.913,0.31884,70.011,42.685,515.436,0.49990,-30.588,105.761,655.606,0.14712,-53.670,128.251,657.131,0.12350,0.000,0.000,0.000,0.00000,38.803,107.831,663.378,0.25250,38.284,161.461,628.727,0.10083,0.000,0.000,0.000,0.00000,8.774,-82.046,587.677,0.87913,45.332,-77.108,582.536,0.82760,-24.560,-65.654,587.049,0.80414,62.649,-58.009,561.364,0.81333
53,25.171,-64.014,572.567,0.86690,11.741,-8.431,558.843,0.54865,-45.078,-14.553,560.042,0.37113,-80.129,28.522,568.734,0.38709,-104.255,37.900,527.291,0.54017,65.694,4.301,547.021,0.41360,68.897,62.615,525.983,0.21357,68.556,43.383,509.299,0.44696,-35.140,106.738,651.822,0.34133,-57.234,148.761,626.510,0.21029,-39.447,235.809,620.471,0.17055,33.094,108.909,646.105,0.32786,36.609,149.875,589.172,0.10328,0.000,0.000,0.000,0.00000,7.864,-80.056,573.774,0.85169,42.697,-75.463,575.312,0.86608,-25.154,-66.071,584.719,0.80603,64.105,-60.674,580.372,0.79159
54,25.893,-67.700,605.847,0.86498,10.309,-6.101,593.262,0.53020,-49.611,-13.368,598.414,0.38470,-84.035,30.108,586.244,0.27356,0.000,0.000,0.000,0.00000,68.808,7.409,584.737,0.41807,71.094,69.767,586.107,0.29840,75.647,47.722,593.994,0.52439,-28.416,125.725,660.566,0.11695,0.000,0.000,0.000,0.00000,0.000,0.000,0.000,0.00000,36.398,118.506,678.647,0.21441,39.741,174.577,679.783,0.12437,0.000,0.000,0.000,0.00000,6.141,-80.098,605.297,0.79695,43.900,-78.797,601.178,0.90268,-26.184,-66.208,592.457,0.84943,64.151,-60.743,581.144,0.80373
55,24.050,-62.615,579.088,0.78592,9.204,-7.199,568.411,0.56936,-46.006,-13.958,563.283,0.39016,-79.774,28.433,581.124,0.39165,-118.855,44.416,597.578,0.60505,66.141,7.814,562.064,0.41373,65.275,68.633,543.550,0.39334,63.079,44.667,509.839,0.51717,-28.535,110.293,645.041,0.18429,-58.172,134.742,654.005,0.14620,0.000,0.000,0.000,0.00000,29.892,95.378,569.898,0.27575,0.000,0.000,0.000,0.05241,0.000,0.000,0.000,0.00000,3.775,-75.468,575.783,0.84443,41.662,-74.628,580.096,0.87472,-26.038,-64.355,588.437,0.81924,61.804,-57.762,565.775,0.80699
56,24.567,-60.396,591.304,0.83104,11.293,-4.485,570.557,0.53712,-46.283,-13.536,574.993,0.40944,-81.465,30.462,593.437,0.39400,-109.886,42.929,559.315,0.62112,67.670,11.791,557.824,0.41230,66.163,76.232,550.953,0.30753,69.789,55.056,532.949,0.50085,-30.401,116.833,669.085,0.18294,-57.262,123.845,626.825,0.12268,0.000,0.000,0.000,0.00000,35.275,110.802,657.319,0.27812,39.707,169.753,651.870,0.18534,0.000,0.000,0.000,0.09017,5.263,-76.646,590.196,0.83401,42.192,-72.106,587.758,0.88777,-25.331,-64.305,588.132,0.81478,64.685,-59.015,592.102,0.80875
57,25.068,-59.126,586.063,0.85293,11.667,-4.364,555.104,0.57029,-42.088,-13.779,556.213,0.43283,-76.567,31.661,588.721,0.37890,-112.996,47.981,596.943,0.56377,68.294,12.987,551.919,0.41998,63.961,69.336,549.056,0.30225,21.389,82.216,546.565,0.17393,-28.891,111.658,652.966,0.23587,-65.509,139.848,707.835,0.21481,0.000,0.000,0.000,0.00000,33.490,109.267,639.039,0.31131,40.560,156.960,617.074,0.27802,0.000,0.000,0.000,0.06564,6.606,-73.495,581.987,0.77979,42.827,-71.222,586.584,0.91405,-25.171,-62.573,585.100,0.80226,64.765,-57.029,586.339,0.79129
58,25.161,-56.390,572.750,0.80685,12.712,-2.965,542.292,0.60105,-40.832,-13.594,548.530,0.45094,-74.274,29.615,576.558,0.40653,-102.838,45.185,553.993,0.58402,66.296,13.153,530.628,0.43898,67.047,78.358,516.666,0.14766,71.051,61.553,527.831,0.32225,-28.972,115.183,637.517,0.17333,-56.330,112.833,616.321,0.11078,0.000,0.000,0.000,0.00000,36.469,112.749,636.910,0.23221,0.000,0.000,0.000,0.09919,0.000,0.000,0.000,0.00000,7.088,-68.784,566.353,0.83031,42.333,-67.904,570.568,0.85601,-24.024,-60.060,574.596,0.77231,62.919,-56.223,557.495,0.79952
59,25.463,-52.136,563.700,0.82570,14.707,-2.382,568.739,0.56712,-42.127,-9.228,565.953,0.38442,-76.009,32.131,584.444,0.33126,-105.973,49.150,594.050,0.53728,72.577,15.877,559.341,0.44465,76.206,82.326,556.142,0.17296,75.661,64.650,537.832,0.33246,-32.318,117.970,627.807,0.13967,0.000,0.000,0.000,0.07039,0.000,0.000,0.000,0.00000,34.699,116.839,646.673,0.21309,44.258,163.882,638.189,0.14200,19.040,253.842,620.567,0.11731,8.380,-67.492,561.226,0.87837,44.365,-65.477,561.579,0.83134,-21.198,-58.531,573.267,0.77802,66.622,-55.197,560.441,0.74152
60,25.113,-51.381,556.000,0.83496,13.790,0.964,533.302,0.51624,-44.201,-1.640,541.142,0.37108,-68.578,35.766,553.046,0.22201,-85.339,43.756,528.494,0.40874,67.002,13.424,516.392,0.42603,68.007,77.389,514.436,0.16990,72.117,62.187,517.159,0.37862,-32.256,117.737,626.546,0.13194,0.000,0.000,0.000,0.05841,0.000,0.000,0.000,0.00000,37.400,116.328,639.601,0.18036,46.245,161.627,644.592,0.29935,0.000,0.000,0.000,0.07680,8.335,-65.682,557.529,0.82625,44.178,-62.205,550.476,0.86049,-19.793,-56.471,552.790,0.76742,67.392,-54.466,566.894,0.75340
61,29.653,-47.943,579.038,0.79465,18.756,-0.327,546.112,0.52491,-37.379,-3.634,546.405,0.42801,-62.854,37.024,532.896,0.25906,-76.678,50.075,548.836,0.39736,73.453,15.349,540.820,0.43388,74.369,77.689,537.966,0.16353,76.888,65.706,546.590,0.32601,-28.472,116.332,643.916,0.22590,-65.555,147.398,664.734,0.19214,0.000,0.000,0.000,0.00000,38.992,112.705,627.972,0.28243,41.598,145.315,579.520,0.32506,0.000,0.000,0.000,0.09621,10.732,-63.775,576.668,0.82071,47.726,-62.460,577.687,0.83956,-18.846,-57.671,564.507,0.81232,69.226,-54.100,570.322,0.71078
62,24.109,-42.677,547.630,0.75160,21.665,0.326,553.302,0.46410,-36.724,-2.310,546.496,0.22757,0.000,0.000,0.000,0.06429,-67.878,48.276,522.030,0.17490,75.210,13.596,548.900,0.38270,73.811,77.192,548.311,0.13711,69.337,57.580,488.732,0.33188,-31.060,123.484,648.783,0.14486,-61.885,147.774,677.467,0.11584,0.000,0.000,0.000,0.00000,40.660,119.123,642.170,0.16308,0.000,0.000,0.000,0.05860,0.000,0.000,0.000,0.00000,8.858,-59.085,546.305,0.78476,45.211,-55.896,547.285,0.86594,-18.092,-54.722,542.568,0.80971,67.308,-53.448,549.405,0.74993
63,27.168,-42.127,585.650,0.76428,22.435,-2.267,539.552,0.54641,-32.906,-5.534,538.307,0.39537,-57.475,42.654,530.821,0.11874,-60.301,49.106,511.207,0.15719,74.321,12.545,532.897,0.43066,73.176,75.193,534.044,0.12289,74.106,60.807,526.837,0.26908,-38.486,118.973,617.262,0.12087,0.000,0.000,0.000,0.05259,0.000,0.000,0.000,0.00000,33.181,131.138,632.762,0.12137,49.123,162.354,641.277,0.11389,0.000,0.000,0.000,0.00000,10.916,-59.998,587.512,0.83467,48.435,-59.119,585.773,0.85382,-19.005,-59.689,591.752,0.75742,72.803,-58.215,577.155,0.70339
64,26.110,-35.736,562.838,0.75482,24.269,-2.328,551.257,0.54846,-29.621,-6.976,549.365,0.39597,0.000,0.000,0.000,0.06980,0.000,0.000,0.000,0.00000,77.324,10.965,549.780,0.42016,78.866,76.267,551.224,0.18578,78.034,62.538,559.536,0.42213,-37.853,122.490,631.531,0.11275,0.000,0.000,0.000,0.00000,0.000,0.000,0.000,0.00000,37.633,112.409,594.391,0.15010,43.237,154.035,602.647,0.22555,0.000,0.000,0.000,0.05399,11.093,-53.810,560.228,0.77701,45.632,-51.052,552.010,0.83526,-15.029,-55.266,575.305,0.75985,70.072,-54.325,545.168,0.73138
65,25.484,-33.709,563.604,0.73103,23.954,-2.300,545.015,0.51174,-33.421,-6.931,546.475,0.19084,0.000,0.000,0.000,0.00000,0.000,0.000,0.000,0.00000,76.321,7.541,542.628,0.42268,78.228,76.287,551.414,0.25538,73.671,57.771,528.212,0.51780,-26.546,112.173,616.789,0.13012,0.000,0.000,0.000,0.05717,0.000,0.000,0.000,0.00000,41.221,115.429,638.965,0.23451,47.143,157.747,635.199,0.30658,21.775,228.916,592.897,0.10762,9.155,-50.202,565.330,0.81085,46.130,-46.877,558.134,0.80718,-14.839,-53.155,567.594,0.70631,70.337,-51.249,547.156,0.77592
66,26.414,-25.099,569.116,0.77160,30.191,-8.710,575.966,0.60422,-26.225,-14.286,576.955,0.23598,0.000,0.000,0.000,0.00000,0.000,0.000,0.000,0.00000,80.352,-1.034,571.135,0.47471,88.585,63.523,562.203,0.20116,78.571,59.063,540.062,0.28310,-24.669,101.515,573.413,0.16428,0.000,0.000,0.000,0.06009,0.000,0.000,0.000,0.00000,44.817,112.803,624.427,0.26349,47.896,166.597,625.260,0.15619,0.000,0.000,0.000,0.05413,9.915,-41.700,570.517,0.85458,46.206,-40.780,567.200,0.84953,-14.449,-58.648,581.435,0.68973,74.411,-52.536,568.130,0.81249
67,25.273,-19.435,544.571,0.70408,28.188,-3.159,577.353,0.48429,-26.869,-1.040,575.820,0.24036,0.000,0.000,0.000,0.08423,0.000,0.000,0.000,0.00000,81.711,-3.119,571.143,0.48335,78.685,66.280,574.257,0.25178,0.000,0.000,0.000,0.09301,-15.862,108.108,636.738,0.17930,0.000,0.000,0.000,0.00000,0.000,0.000,0.000,0.00000,48.516,114.674,643.408,0.23941,49.071,163.498,630.726,0.28480,0.000,0.000,0.000,0.07031,8.250,-35.494,548.804,0.83760,44.857,-35.110,542.973,0.79702,-13.196,-55.566,557.524,0.71137,70.782,-50.589,540.231,0.77113
68,24.366,-16.405,511.967,0.72697,27.191,-12.762,571.342,0.43234,-41.508,-22.936,566.642,0.16381,0.000,0.000,0.000,0.00000,0.000,0.000,0.000,0.00000,81.164,-5.770,562.546,0.50854,86.912,60.329,551.657,0.29560,70.115,51.249,540.337,0.54124,-22.503,109.674,650.573,0.33794,-57.273,123.974,635.258,0.29793,0.000,0.000,0.000,0.00000,40.723,115.421,643.244,0.29735,51.554,161.784,633.068,0.35943,22.268,251.759,626.591,0.14916,8.360,-32.079,515.726,0.82466,42.214,-29.327,510.878,0.78867,0.000,0.000,0.000,0.09239,69.762,-48.092,513.591,0.72881
69,28.343,-14.738,566.517,0.73602,27.457,-11.983,535.920,0.36518,-38.239,-18.596,539.934,0.10452,0.000,0.000,0.000,0.00000,0.000,0.000,0.000,0.00000,76.143,-4.219,536.804,0.39189,82.751,58.527,529.243,0.34173,60.853,45.602,506.553,0.56693,-23.808,101.313,623.336,0.20152,-45.193,110.706,616.908,0.10328,0.000,0.000,0.000,0.00000,32.092,92.668,527.034,0.21891,0.000,0.000,0.000,0.08554,0.000,0.000,0.000,0.00000,9.846,-32.453,565.408,0.75398,47.397,-30.409,565.278,0.80884,0.000,0.000,0.000,0.06263,77.950,-54.595,554.330,0.69764
70,28.374,-13.397,541.586,0.75824,37.771,-14.499,585.533,0.49139,-15.628,-24.936,598.180,0.29140,-43.144,23.842,589.102,0.21578,-25.698,39.754,614.590,0.45226,83.866,-2.431,576.501,0.46056,87.246,61.700,558.017,0.47734,61.475,50.226,550.725,0.62467,-27.258,105.968,633.182,0.39305,-59.242,138.353,648.676,0.34600,-40.959,230.110,644.403,0.11812,38.356,114.590,630.106,0.35080,48.930,163.975,609.854,0.35693,24.229,226.825,566.226,0.15076,12.040,-29.145,541.405,0.82434,45.897,-28.341,539.467,0.79541,0.000,0.000,0.000,0.07410,76.904,-49.882,546.932,0.70071
71,29.992,-13.873,558.865,0.77464,37.184,-14.006,565.793,0.44549,-14.202,-25.145,570.146,0.31002,-41.042,24.035,560.553,0.29457,-21.663,37.376,567.381,0.49459,83.411,1.013,564.063,0.44746,84.916,60.695,543.108,0.47716,60.931,51.001,551.887,0.62534,-21.773,106.212,630.113,0.37561,-54.701,118.033,632.221,0.33737,0.000,0.000,0.000,0.00000,37.927,109.705,599.236,0.35952,46.078,159.591,583.070,0.37511,28.490,239.058,598.559,0.16880,13.668,-31.204,555.402,0.81025,50.974,-29.400,559.803,0.81552,0.000,0.000,0.000,0.07001,77.006,-49.737,538.127,0.62861
72,34.887,-14.479,584.734,0.78410,38.576,-15.665,576.181,0.39771,-17.859,-21.962,577.086,0.26635,-40.607,16.571,583.387,0.25804,-24.617,42.516,571.910,0.42596,83.846,-1.042,571.554,0.43865,87.089,64.109,561.355,0.45373,61.130,53.175,553.394,0.52008,-21.926,103.336,612.989,0.35462,-52.984,113.029,629.861,0.33056,0.000,0.000,0.000,0.05530,32.705,109.097,595.929,0.36149,48.819,164.187,599.832,0.43716,24.531,208.899,515.262,0.14095,18.130,-31.809,590.946,0.81076,54.445,-29.182,582.095,0.77580,0.000,0.000,0.000,0.06230,86.796,-50.696,586.807,0.50601
73,35.375,-13.865,559.046,0.79430,41.681,-15.080,580.655,0.41478,-17.303,-24.962,581.773,0.28439,-35.467,16.838,568.760,0.15310,-22.012,45.568,558.476,0.35645,84.827,2.400,569.007,0.38943,85.801,65.976,548.776,0.43114,51.887,45.963,496.922,0.58397,-19.348,99.952,601.511,0.35802,-50.192,116.672,605.308,0.26031,0.000,0.000,0.000,0.05623,37.833,110.839,609.459,0.33195,47.916,166.324,597.125,0.43584,0.000,0.000,0.000,0.08126,19.356,-31.067,564.877,0.82654,56.398,-28.395,566.408,0.77227,-3.171,-65.787,564.114,0.55068,87.582,-52.301,573.429,0.58386
74,36.998,-14.608,562.640,0.73210,34.661,-9.291,569.158,0.41454,0.000,0.000,0.000,0.00000,0.000,0.000,0.000,0.00000,0.000,0.000,0.000,0.00000,83.685,0.336,561.130,0.39676,86.285,64.524,547.624,0.49595,54.711,49.015,530.110,0.64287,-16.934,106.102,647.935,0.33843,-51.642,115.348,651.522,0.29727,0.000,0.000,0.000,0.00000,39.686,112.444,626.678,0.35625,50.062,169.848,615.144,0.47792,27.136,241.316,600.580,0.10271,20.141,-32.546,566.832,0.77222,56.990,-28.713,559.001,0.82205,0.000,0.000,0.000,0.06200,86.416,-48.808,557.036,0.50819
75,37.925,-15.133,556.418,0.73908,35.592,-9.365,573.353,0.39618,-22.987,-11.632,583.398,0.15512,0.000,0.000,0.000,0.07984,0.000,0.000,0.000,0.00000,86.404,-0.341,570.243,0.35999,88.608,66.078,566.720,0.46820,66.066,55.399,591.625,0.44438,-17.503,112.188,670.364,0.27448,-56.191,146.013,708.692,0.18482,-33.952,254.638,659.529,0.11307,43.946,113.682,633.538,0.33807,51.999,164.815,638.817,0.49815,26.860,242.506,610.900,0.15538,19.781,-34.638,556.903,0.82116,58.257,-29.361,558.083,0.80837,-2.362,-61.921,547.932,0.57070,84.015,-45.838,545.673,0.44894
76,39.005,-16.362,552.968,0.74008,42.044,-12.180,576.383,0.50336,-13.656,-20.535,575.810,0.35376,-24.086,47.685,576.094,0.13803,0.000,0.000,0.000,0.00000,88.428,3.131,574.362,0.42149,85.330,62.312,545.662,0.47097,61.707,52.525,546.715,0.54680,-15.323,105.134,646.802,0.33145,-50.091,126.766,641.589,0.23211,0.000,0.000,0.000,0.00000,44.050,117.334,658.202,0.38083,50.158,164.084,615.795,0.50372,27.065,234.880,598.981,0.11299,20.648,-34.966,561.827,0.80091,59.341,-29.544,549.255,0.78523,-0.427,-63.526,568.302,0.44689,87.959,-49.207,554.120,0.51075
77,39.815,-17.164,536.696,0.75602,43.942,-14.160,601.786,0.51450,-11.405,-27.394,604.550,0.41323,-32.436,21.214,615.760,0.22446,0.000,0.000,0.000,0.07466,91.198,3.199,587.784,0.42421,92.948,66.149,585.404,0.47275,68.923,60.351,597.938,0.54924,-17.720,101.509,648.648,0.34449,-45.368,116.149,651.649,0.21587,0.000,0.000,0.000,0.00000,43.055,119.564,679.988,0.40731,54.942,177.508,684.770,0.36920,27.228,242.623,618.716,0.17623,22.882,-33.341,535.379,0.80758,59.798,-29.466,535.658,0.80733,-0.392,-59.101,534.539,0.33482,84.576,-48.221,528.590,0.40241
78,45.359,-18.642,582.867,0.75272,40.374,-11.405,572.012,0.51700,-13.500,-23.076,569.881,0.36226,-32.246,20.860,585.136,0.18154,0.000,0.000,0.000,0.07621,88.486,3.079,565.973,0.44220,88.327,63.056,552.103,0.44601,67.028,58.764,575.431,0.56119,-21.400,105.788,665.663,0.35331,-48.394,140.081,672.025,0.24679,-33.344,222.914,632.828,0.12577,40.358,115.860,649.983,0.37886,48.514,165.653,633.137,0.36971,25.327,234.292,592.000,0.15282,24.798,-36.764,579.851,0.84521,65.620,-34.059,581.336,0.75849,-1.137,-63.937,584.599,0.51251,91.826,-57.043,565.349,0.31301
79,40.855,-17.737,533.335,0.78073,40.903,-13.417,570.026,0.59227,-11.273,-28.174,561.835,0.42198,-34.077,21.641,568.364,0.28547,-19.656,47.735,568.411,0.11819,87.557,2.395,564.396,0.44534,86.674,61.302,554.309,0.43952,63.753,56.485,553.032,0.60168,-19.951,96.352,620.486,0.35768,-45.551,129.556,632.541,0.23070,0.000,0.000,0.000,0.00000,38.170,110.214,626.789,0.40123,44.833,157.033,594.712,0.39693,23.010,211.538,537.779,0.16213,23.814,-34.419,541.962,0.84091,59.859,-32.063,536.142,0.79388,-2.330,-59.894,541.844,0.61210,85.221,-52.450,532.611,0.14677
80,40.089,-22.607,558.477,0.79151,38.629,-13.827,587.553,0.65016,-13.924,-25.931,587.584,0.47721,-38.139,24.262,599.575,0.40228,-22.360,40.377,534.528,0.21294,87.462,1.765,581.844,0.42685,87.245,64.397,558.006,0.43962,62.270,56.334,551.637,0.60620,-22.725,101.258,657.158,0.38119,-46.135,135.767,651.311,0.22440,0.000,0.000,0.000,0.06370,36.233,115.304,660.284,0.40802,44.494,164.479,620.074,0.43859,21.766,212.893,539.566,0.23566,23.923,-40.866,559.291,0.88399,61.264,-35.871,554.771,0.81210,-2.509,-64.432,570.301,0.58577,84.944,-45.048,560.602,0.24346
81,40.219,-30.459,580.000,0.73235,36.286,-14.606,562.355,0.60106,-13.337,-27.532,562.475,0.39585,-38.769,20.218,566.794,0.45439,-29.209,40.801,567.499,0.27972,83.147,1.011,562.144,0.39833,85.483,61.401,555.287,0.41614,61.529,58.202,563.218,0.53751,-25.272,95.888,622.340,0.42782,-45.966,148.413,638.007,0.24990,-26.927,237.040,625.689,0.15982,32.265,107.445,615.338,0.39812,39.132,153.737,574.375,0.34999,22.667,210.261,529.663,0.16605,24.825,-48.825,581.125,0.82153,63.037,-43.807,571.043,0.76751,-3.230,-68.057,577.692,0.69287,87.659,-48.987,583.087,0.40663
82,37.623,-33.183,533.413,0.74710,37.983,-17.769,599.966,0.57098,-15.008,-31.655,602.341,0.40293,-43.398,22.208,602.521,0.39236,-35.980,43.312,612.603,0.25985,85.899,1.069,595.367,0.41417,89.138,65.051,588.262,0.45990,54.728,58.239,570.497,0.58434,-30.080,103.138,680.087,0.45859,-49.061,167.480,681.057,0.22855,-31.380,261.583,690.497,0.30615,31.407,112.006,659.600,0.39726,42.720,158.692,626.844,0.25627,23.144,211.532,541.099,0.13050,22.141,-51.155,532.499,0.79982,57.658,-45.609,527.939,0.77287,-6.103,-67.013,525.670,0.71306,77.766,-50.552,513.213,0.51728
83,35.684,-40.417,553.147,0.77913,32.407,-15.725,578.185,0.47876,-20.198,-25.779,584.558,0.39859,-42.638,22.486,572.740,0.23462,-41.705,33.504,560.066,0.19549,78.581,1.710,568.518,0.37343,78.014,60.289,545.284,0.43961,47.678,55.753,552.742,0.60874,-29.189,100.107,660.044,0.42206,-51.557,157.706,681.498,0.23260,-30.151,261.361,701.065,0.13704,32.504,104.523,620.077,0.40877,37.625,153.444,617.856,0.22904,21.885,227.902,595.854,0.13591,18.994,-60.501,553.215,0.85013,57.500,-54.271,544.453,0.79893,-8.098,-69.364,577.002,0.79703,83.311,-56.374,558.673,0.63633
84,34.738,-40.790,548.893,0.79024,32.313,-17.096,602.156,0.53934,-21.647,-28.155,605.255,0.41801,-47.022,22.935,602.364,0.33499,-43.523,38.421,594.162,0.31624,80.895,2.482,585.308,0.42623,82.951,63.773,589.699,0.45002,49.661,58.314,592.118,0.60810,-31.357,101.959,672.238,0.38635,-48.059,163.741,656.160,0.13424,0.000,0.000,0.000,0.00000,30.968,101.918,604.540,0.36328,32.967,183.645,587.898,0.18548,16.598,192.231,501.037,0.12313,18.306,-61.087,552.544,0.89451,55.685,-55.083,545.852,0.85784,-8.711,-69.174,569.758,0.77784,78.511,-56.136,530.852,0.69339
85,32.737,-41.078,527.150,0.77553,30.477,-18.205,568.337,0.56386,-21.167,-28.689,572.207,0.41455,-42.694,23.907,573.500,0.30421,-44.183,41.984,583.972,0.22275,78.372,2.404,567.004,0.45287,76.155,57.079,546.013,0.48050,45.665,52.308,544.495,0.59183,-29.565,99.490,650.784,0.28337,-50.859,147.288,694.478,0.12784,-22.715,249.619,656.844,0.10343,32.160,107.633,643.173,0.36332,35.452,165.903,646.060,0.12465,14.774,264.323,629.496,0.11501,16.971,-59.438,531.730,0.88164,52.913,-53.639,524.972,0.85721,-10.567,-72.043,559.945,0.67067,74.608,-54.066,517.165,0.64001
86,32.312,-43.275,530.547,0.80224,29.716,-18.589,580.200,0.53560,-23.569,-28.404,580.251,0.43927,-45.729,25.123,585.824,0.30192,-46.437,44.927,594.867,0.24555,74.981,0.339,567.239,0.39821,75.718,59.249,547.788,0.42996,46.441,53.962,561.711,0.61045,-32.553,100.615,663.372,0.21130,0.000,0.000,0.000,0.09702,0.000,0.000,0.000,0.00000,31.910,102.042,623.173,0.34012,34.341,155.795,612.479,0.18222,20.328,214.044,572.310,0.18507,14.539,-62.021,537.488,0.79755,51.722,-56.228,525.809,0.80317,-12.173,-66.446,541.824,0.75169,76.373,-58.868,538.428,0.68475
87,30.057,-44.679,547.484,0.78370,28.115,-19.400,605.920,0.51752,-25.550,-28.428,610.853,0.44787,-49.605,24.952,616.293,0.31876,-49.365,38.368,604.450,0.30942,76.109,-1.793,592.039,0.37385,78.980,62.904,581.567,0.40906,48.844,56.062,590.955,0.58571,-26.798,96.990,605.753,0.20691,0.000,0.000,0.000,0.08200,0.000,0.000,0.000,0.00000,35.312,112.653,673.054,0.33140,36.430,156.206,622.957,0.13415,14.214,242.204,576.819,0.14532,13.525,-64.743,549.567,0.83710,50.899,-58.861,544.201,0.82459,-13.046,-66.952,551.136,0.80000,73.982,-57.391,530.691,0.76083
88,28.794,-45.123,537.000,0.79214,23.458,-18.778,564.695,0.49757,-28.479,-27.728,566.602,0.33570,-45.561,21.870,574.679,0.27113,-48.156,41.685,589.661,0.22572,70.069,-2.352,555.509,0.39254,68.447,58.224,532.366,0.39621,36.341,45.549,506.132,0.65673,-30.277,103.452,666.273,0.31294,-47.694,145.940,651.026,0.15548,-29.465,246.735,666.200,0.15232,33.651,103.478,641.438,0.34708,37.782,151.134,620.678,0.31721,20.136,214.644,566.583,0.22935,12.092,-65.379,543.699,0.87299,48.824,-59.897,535.941,0.89564,-15.760,-71.133,552.632,0.73602,70.864,-57.312,535.981,0.65292
89,27.220,-46.742,519.233,0.79872,24.473,-19.034,572.439,0.57762,-25.112,-31.876,567.380,0.42761,-44.974,21.953,558.820,0.39527,-47.385,41.851,563.149,0.31141,71.076,1.016,563.489,0.40555,67.853,60.560,553.798,0.38450,36.337,50.715,563.304,0.67060,-31.178,98.017,651.446,0.35305,-50.403,159.139,677.059,0.18425,-28.679,223.929,614.580,0.16424,29.426,91.988,574.491,0.34801,34.791,143.205,560.306,0.24279,22.312,240.967,628.063,0.20346,9.601,-63.928,516.113,0.79100,46.448,-60.269,516.781,0.82449,-15.889,-65.582,534.545,0.73778,66.898,-57.072,510.505,0.74032
90,28.471,-50.243,543.144,0.79951,22.148,-19.499,565.866,0.53685,-27.537,-29.507,561.170,0.43570,-45.669,25.718,567.410,0.27774,-55.377,47.537,582.949,0.21688,67.745,-1.659,552.879,0.38728,65.461,58.954,545.132,0.38852,34.683,47.996,547.948,0.64826,-30.902,99.633,662.300,0.32633,-49.461,153.758,664.421,0.21653,-31.148,236.276,650.613,0.18338,31.525,100.105,630.067,0.35518,39.928,153.460,630.240,0.32469,22.894,228.557,603.296,0.23758,10.142,-70.112,544.759,0.80576,47.848,-65.746,546.899,0.86021,-16.473,-70.596,553.764,0.75857,71.163,-60.745,543.503,0.77569
91,28.083,-53.915,561.298,0.75114,22.883,-20.131,584.505,0.51802,-29.293,-31.338,582.679,0.42859,-47.309,25.923,587.812,0.26257,0.000,0.000,0.000,0.00000,70.095,-1.059,583.494,0.38316,67.026,60.293,563.796,0.34877,33.143,46.383,544.315,0.61069,-31.146,96.358,650.895,0.29717,-51.039,136.798,663.976,0.21180,-31.457,214.509,596.665,0.14246,28.804,101.325,637.572,0.32851,39.537,139.166,624.167,0.36011,22.743,216.607,581.019,0.22831,9.208,-73.774,567.833,0.83919,47.527,-68.782,566.437,0.87381,-18.161,-72.731,565.211,0.76127,72.668,-63.298,560.026,0.75212
92,27.941,-55.696,572.591,0.74394,21.552,-19.570,568.074,0.50098,-27.364,-31.428,571.560,0.42062,-44.247,30.255,575.533,0.30067,-53.963,45.190,553.998,0.29399,67.097,-1.685,558.562,0.37998,66.379,57.016,558.313,0.34304,30.539,46.742,556.659,0.65584,-32.482,97.973,661.815,0.34841,-53.703,149.426,677.550,0.24142,0.000,0.000,0.000,0.09067,28.399,99.897,628.563,0.35612,39.396,141.644,621.834,0.38121,23.205,213.058,575.229,0.22253,9.225,-74.639,569.399,0.85536,47.376,-68.604,564.714,0.86443,-18.889,-76.410,588.270,0.80654,72.492,-65.064,563.792,0.75220
93,27.166,-50.977,530.514,0.77440,22.203,-21.561,585.024,0.49241,-27.525,-33.863,589.997,0.42948,-43.957,25.635,580.952,0.31421,-59.022,46.769,629.209,0.26764,68.518,-3.131,576.269,0.38092,65.960,57.128,566.226,0.34445,30.358,46.839,565.454,0.69267,-31.362,99.521,672.332,0.34392,-56.815,155.458,716.746,0.26717,-38.324,249.130,695.327,0.29080,29.957,102.601,645.713,0.35471,40.211,140.788,611.545,0.34664,23.864,234.456,628.921,0.27373,9.798,-69.100,527.198,0.84912,44.762,-63.928,526.175,0.85692,-15.637,-68.270,525.756,0.77957,68.114,-60.497,529.747,0.74184
94,29.583,-53.485,563.678,0.79889,23.218,-21.198,575.310,0.51141,-27.529,-32.328,575.333,0.39660,-41.633,31.258,568.529,0.29688,-65.260,38.699,547.674,0.29090,67.682,-1.692,557.901,0.40271,63.259,58.125,537.510,0.33521,31.297,44.137,503.878,0.63541,-31.249,98.361,669.933,0.29512,-54.589,144.048,699.170,0.20351,-35.722,234.595,648.215,0.12481,27.619,89.908,565.702,0.33814,40.345,137.026,592.145,0.33834,23.142,219.003,591.277,0.24448,13.261,-73.664,567.108,0.87692,50.884,-68.737,566.225,0.88211,-15.104,-73.040,578.322,0.76193,72.762,-62.110,555.604,0.75350
95,30.640,-54.170,570.938,0.80282,23.041,-19.758,554.448,0.52870,-27.717,-28.980,551.314,0.37730,-40.295,28.073,559.686,0.25483,-44.619,39.945,546.138,0.16571,69.453,-1.007,555.832,0.40580,63.907,58.773,537.495,0.35142,35.755,47.883,554.093,0.61974,-33.561,98.793,667.399,0.35501,-54.246,158.254,694.748,0.21268,-40.609,245.135,677.337,0.28420,26.749,97.325,607.933,0.33313,40.370,138.393,614.094,0.34248,24.036,208.173,562.061,0.23015,13.204,-73.092,562.747,0.89764,50.906,-68.095,566.165,0.89903,-14.229,-71.497,571.578,0.79591,71.026,-60.605,541.998,0.74961
96,30.120,-50.986,537.367,0.75680,25.974,-19.629,590.526,0.52481,-28.903,-29.548,589.189,0.32255,-40.249,29.503,588.388,0.20834,-49.845,44.677,601.231,0.12043,74.397,-1.045,578.765,0.41336,71.570,60.570,572.846,0.37611,41.748,51.523,572.239,0.66318,-33.849,98.061,673.421,0.32296,-53.561,144.356,665.552,0.17053,0.000,0.000,0.000,0.08544,31.376,99.677,627.371,0.37016,41.867,142.928,614.417,0.33008,25.920,222.334,606.216,0.22331,13.343,-70.226,540.752,0.87143,49.325,-64.896,534.583,0.91345,-13.156,-69.468,555.392,0.77249,70.868,-59.281,535.984,0.70509
97,31.260,-51.807,546.003,0.74669,26.374,-18.885,568.218,0.53190,-24.444,-29.851,568.080,0.41875,-40.312,27.645,579.118,0.24817,-50.421,48.170,599.389,0.19166,72.184,-1.013,556.290,0.42775,67.979,58.282,538.906,0.32791,44.406,51.159,553.597,0.58483,-34.156,95.009,663.518,0.31504,-52.902,139.659,647.462,0.13243,0.000,0.000,0.000,0.00000,33.542,100.897,625.420,0.32394,38.745,137.466,578.922,0.32101,22.557,200.430,542.926,0.29060,13.441,-70.675,544.065,0.86450,50.548,-66.502,547.612,0.90667,-12.495,-67.859,527.244,0.82952,74.938,-62.778,561.742,0.69982
98,32.641,-50.856,536.063,0.77594,27.792,-18.912,569.177,0.55174,-25.337,-28.037,572.968,0.44218,-37.521,31.151,579.136,0.26570,-46.125,47.447,573.172,0.16966,73.532,-1.705,566.521,0.38578,72.341,59.054,552.189,0.35545,51.745,54.677,591.420,0.51269,-34.311,97.081,666.668,0.35376,-56.376,147.458,679.777,0.15072,0.000,0.000,0.000,0.08055,32.598,105.157,651.728,0.31863,43.000,153.264,642.197,0.30882,25.250,234.791,625.762,0.26937,15.103,-69.444,534.544,0.85079,50.417,-65.454,538.837,0.87550,-11.583,-69.346,544.041,0.74972,77.984,-66.579,559.514,0.76961
99,36.200,-57.661,571.814,0.82721,31.311,-18.949,570.859,0.54029,-21.448,-29.787,579.841,0.38941,-36.106,25.045,567.990,0.20704,-40.178,40.800,567.412,0.17603,78.911,1.035,570.902,0.42413,78.732,59.192,559.737,0.38114,56.587,52.550,568.230,0.55860,-34.406,98.946,668.497,0.39019,-55.961,145.457,655.972,0.17042,-41.150,221.050,647.515,0.13221,32.458,102.965,633.518,0.34945,42.256,147.222,598.710,0.34743,22.777,216.885,581.797,0.34585,19.011,-75.340,574.324,0.88436,57.358,-70.515,569.326,0.86139,-8.704,-74.059,570.227,0.81585,76.495,-62.739,543.608,0.71119
100,36.943,-57.076,572.446,0.79557,31.579,-19.113,575.484,0.54605,-19.919,-28.197,576.104,0.43019,-38.348,24.917,581.019,0.27746,-43.563,45.610,585.159,0.22463,81.043,-1.051,581.221,0.40305,79.413,55.127,559.780,0.38934,57.706,55.684,572.448,0.55125,-30.473,98.391,670.168,0.37519,-54.747,141.833,632.744,0.26242,-42.172,233.231,676.033,0.32847,34.237,106.136,652.971,0.37307,42.521,144.290,592.573,0.39560,20.161,205.196,548.652,0.26155,19.704,-75.987,574.183,0.86992,57.885,-71.020,567.854,0.85853,-8.204,-76.744,585.462,0.83498,84.108,-67.015,568.827,0.76718
101,36.220,-55.599,550.922,0.78401,34.993,-18.769,586.299,0.56072,-19.524,-29.349,585.119,0.45796,-43.676,24.152,596.507,0.28316,-43.510,44.889,603.852,0.15715,83.184,1.067,586.315,0.40414,83.390,57.361,568.457,0.41071,58.985,55.728,552.270,0.55042,-34.225,99.236,664.874,0.41997,-56.608,152.715,663.341,0.19253,-39.874,213.423,627.394,0.20670,33.636,108.924,641.608,0.36068,43.091,142.327,590.389,0.41116,22.563,210.400,558.945,0.26716,19.632,-73.148,552.663,0.83064,56.450,-69.080,547.040,0.83913,-6.488,-73.148,558.019,0.79703,81.577,-64.471,547.109,0.79030
102,37.374,-57.374,568.334,0.79179,35.410,-19.006,593.194,0.57810,-19.828,-28.360,594.062,0.47441,-42.363,30.726,598.216,0.17140,-45.988,49.643,617.743,0.12945,83.936,-0.357,586.698,0.40864,84.923,59.331,574.197,0.40901,64.575,60.963,611.509,0.54910,-33.552,100.404,667.268,0.43201,-59.431,145.007,650.405,0.22647,-39.711,204.851,613.059,0.22486,27.553,101.535,593.771,0.36570,43.816,143.255,600.230,0.47725,23.299,216.658,577.414,0.23317,20.108,-75.510,565.537,0.81393,58.481,-70.890,566.702,0.83867,-3.829,-74.501,563.082,0.78513,82.844,-62.778,555.526,0.79266
103,36.235,-56.655,561.276,0.82092,35.143,-17.442,566.290,0.58420,-18.040,-28.144,561.049,0.45551,-45.143,38.290,560.851,0.15463,0.000,0.000,0.000,0.00000,81.907,1.019,562.950,0.45361,83.436,59.833,559.439,0.46325,63.221,57.763,572.638,0.56931,-31.458,98.887,657.238,0.41828,-61.002,146.786,676.665,0.24126,-40.955,226.590,656.768,0.26189,30.936,107.648,633.914,0.35649,47.846,149.806,624.549,0.43801,21.823,224.425,594.297,0.18176,20.687,-75.239,563.369,0.80600,57.367,-70.189,555.860,0.83714,-3.156,-75.575,565.969,0.77465,82.892,-62.295,551.212,0.72550
104,36.048,-57.412,568.775,0.83528,33.767,-17.756,554.710,0.54666,-18.669,-26.726,559.742,0.38087,0.000,0.000,0.000,0.09367,0.000,0.000,0.000,0.07876,82.686,1.660,554.535,0.42860,82.134,54.923,537.722,0.45976,56.100,49.480,502.415,0.55499,-33.153,98.399,659.363,0.33046,-55.271,144.874,656.888,0.14291,0.000,0.000,0.000,0.00000,32.124,106.454,626.972,0.31980,48.270,148.048,620.271,0.34834,20.123,222.062,586.164,0.16131,22.162,-78.335,566.269,0.80245,58.297,-69.287,564.812,0.84604,-2.539,-80.323,580.635,0.83030,84.977,-61.308,560.753,0.75131
105,36.749,-58.170,569.692,0.82642,35.267,-19.543,567.887,0.59010,-17.228,-31.133,579.173,0.42692,-40.759,27.697,565.933,0.17972,-44.584,45.937,598.727,0.16575,82.986,-1.706,565.654,0.41206,88.371,58.155,569.636,0.46403,65.112,56.705,582.973,0.56400,-31.620,93.082,644.542,0.40746,-59.808,144.237,672.414,0.24086,-38.649,203.309,619.675,0.16407,28.774,107.301,636.589,0.38856,48.245,144.218,610.442,0.45707,21.497,229.956,605.069,0.20169,21.529,-78.511,567.335,0.82372,58.168,-69.154,563.726,0.85264,-2.524,-81.830,586.543,0.81634,85.277,-60.283,545.437,0.73317
106,36.269,-58.477,572.705,0.84383,35.034,-19.091,553.660,0.59356,-15.102,-30.385,552.527,0.43797,-36.299,14.827,570.845,0.21944,-42.712,36.887,592.776,0.18688,82.527,-3.026,558.065,0.42219,83.559,54.754,542.735,0.44409,59.635,50.041,534.218,0.61551,-32.994,94.747,656.130,0.41269,-57.861,144.619,641.706,0.16092,0.000,0.000,0.000,0.07188,26.719,99.634,591.018,0.39660,46.177,138.029,584.244,0.39430,20.426,224.213,595.640,0.19218,21.692,-79.089,571.518,0.82443,58.527,-69.724,573.794,0.87602,-1.815,-80.572,572.453,0.82207,86.402,-60.705,561.254,0.71443
107,35.602,-57.407,562.213,0.84981,36.297,-19.742,573.016,0.61023,-14.890,-30.683,570.486,0.46082,-43.196,28.860,562.016,0.19478,-44.453,41.581,578.371,0.14439,84.386,-2.399,565.993,0.43247,86.793,56.009,555.145,0.44163,62.208,51.514,557.037,0.59431,-29.321,94.756,645.418,0.38957,-55.777,137.042,653.648,0.24218,-42.116,218.869,662.208,0.28587,29.443,101.674,603.138,0.37955,48.314,141.522,602.161,0.44698,18.697,205.772,544.892,0.20882,20.689,-77.875,562.834,0.81710,56.933,-67.828,558.308,0.89709,-1.819,-82.237,584.038,0.80265,82.647,-57.877,541.156,0.72541
108,36.537,-58.963,577.420,0.84999,36.751,-19.308,580.816,0.62205,-15.660,-30.829,573.322,0.46053,-41.130,30.018,571.072,0.17937,-41.636,40.874,559.255,0.16009,85.593,-2.415,574.084,0.42871,88.088,56.840,563.366,0.44839,60.046,49.695,537.705,0.57407,-25.869,92.722,636.785,0.34597,-53.325,124.248,652.777,0.26000,-37.391,194.579,599.717,0.13457,34.331,104.021,626.004,0.37613,43.859,138.152,581.793,0.32662,19.212,202.276,540.826,0.19834,20.518,-79.795,576.861,0.81706,58.590,-70.589,581.135,0.90140,-1.823,-82.074,583.016,0.81418,90.847,-63.331,585.529,0.72731
109,33.871,-55.721,545.529,0.84036,35.573,-20.425,572.796,0.60772,-15.519,-31.232,568.061,0.45832,-40.200,28.850,548.823,0.12791,-36.530,35.832,524.804,0.17599,82.650,-4.420,563.398,0.43149,88.873,55.823,559.847,0.49301,65.615,54.810,600.626,0.62379,-30.120,96.461,662.494,0.38972,-54.624,133.335,658.710,0.22957,0.000,0.000,0.000,0.09687,31.057,106.479,636.270,0.37136,46.757,147.280,620.204,0.33253,20.304,203.991,552.551,0.22419,19.369,-75.413,545.014,0.84387,54.800,-66.090,543.879,0.87584,-1.782,-79.254,562.975,0.82154,83.512,-58.936,551.116,0.74740
110,35.299,-60.807,568.631,0.80583,34.503,-21.297,577.928,0.59380,-17.075,-31.583,574.408,0.44233,-38.205,30.425,578.922,0.12269,0.000,0.000,0.000,0.00000,81.385,-6.418,559.438,0.44066,88.247,54.752,555.913,0.46928,64.817,51.554,580.330,0.62401,-31.794,95.912,664.237,0.40883,-58.886,141.355,690.116,0.23579,-40.662,215.487,651.975,0.14133,28.729,101.411,619.320,0.37239,45.983,146.471,619.973,0.35638,22.435,219.063,591.430,0.24559,19.480,-79.196,567.480,0.89172,57.064,-70.848,566.478,0.85141,-2.468,-79.205,562.607,0.84270,83.669,-60.008,561.191,0.78598
111,34.769,-59.929,560.258,0.80111,35.040,-21.909,575.656,0.59335,-17.833,-31.015,576.644,0.44659,-41.125,30.700,571.018,0.13288,-40.203,42.247,587.799,0.17670,83.586,-7.222,569.851,0.44028,86.451,52.950,544.404,0.48233,57.706,45.266,516.752,0.58766,-29.299,94.622,644.526,0.41371,-56.748,137.018,664.999,0.21702,-43.731,230.887,701.162,0.11814,30.401,104.554,638.529,0.37061,44.581,145.704,610.501,0.37007,19.684,199.069,535.733,0.26241,19.370,-78.734,564.136,0.90163,55.206,-70.706,554.688,0.83905,-2.428,-78.128,554.975,0.84044,82.015,-60.805,549.954,0.79720
112,35.120,-62.352,576.532,0.80336,35.686,-21.884,574.987,0.61590,-16.286,-32.088,570.908,0.46704,-41.010,25.113,569.230,0.19968,-36.892,39.555,569.267,0.19790,82.572,-6.511,567.510,0.44938,86.199,50.840,542.812,0.44831,59.228,45.837,530.442,0.57828,-29.109,97.422,658.189,0.39522,-56.503,135.490,681.601,0.20992,0.000,0.000,0.000,0.07620,32.956,105.336,643.260,0.37382,49.050,150.517,640.427,0.39451,24.708,232.997,631.120,0.20784,19.821,-80.578,577.324,0.90118,56.374,-73.757,573.173,0.85091,-2.645,-84.553,600.678,0.83549,84.021,-62.801,567.992,0.80178
113,36.136,-62.981,582.351,0.80785,34.353,-20.404,553.461,0.63797,-17.019,-30.926,550.260,0.49047,-41.160,28.181,561.921,0.21724,-35.510,41.176,592.533,0.23442,81.902,-5.063,558.262,0.44575,87.932,52.524,553.746,0.45525,63.238,48.787,572.599,0.59848,-32.460,93.340,630.624,0.41854,-56.878,139.057,648.297,0.23548,-39.333,208.436,630.670,0.14277,29.569,105.126,637.264,0.37844,47.216,142.651,606.915,0.39623,23.918,203.191,559.520,0.24871,19.846,-80.754,578.557,0.91048,56.617,-74.096,575.735,0.85095,-3.280,-82.843,593.412,0.85901,82.704,-61.851,559.150,0.79931
114,35.547,-61.269,572.779,0.80078,35.186,-21.309,577.990,0.62227,-17.980,-31.932,580.845,0.50195,-42.256,28.932,576.899,0.14664,-35.381,38.800,578.579,0.19409,82.361,-6.500,566.084,0.43576,87.702,52.390,552.244,0.46360,60.107,47.678,544.279,0.58523,-32.832,95.103,653.157,0.39592,-56.616,139.893,663.409,0.20531,-37.702,205.317,616.708,0.16836,28.175,101.313,623.264,0.37854,46.649,149.250,628.589,0.39365,21.919,203.133,543.137,0.25205,19.078,-80.334,575.608,0.91616,55.651,-73.701,572.778,0.84051,-3.227,-80.661,577.843,0.85769,82.305,-62.050,561.058,0.79725
115,34.771,-61.121,571.400,0.77546,34.559,-20.929,567.672,0.61120,-17.990,-30.117,559.934,0.51609,-41.265,30.789,572.664,0.12932,0.000,0.000,0.000,0.00000,83.312,-6.567,572.685,0.42913,89.372,52.715,562.879,0.44978,65.541,50.725,587.043,0.57780,-32.827,99.043,669.114,0.39523,-56.202,135.725,658.717,0.19749,0.000,0.000,0.000,0.09708,29.254,103.223,630.427,0.36214,44.824,143.421,604.041,0.41944,20.366,217.961,573.499,0.25292,18.978,-80.041,573.661,0.89710,53.777,-73.023,567.518,0.84368,-3.850,-79.561,569.930,0.82818,83.423,-63.580,568.715,0.79701
116,31.613,-60.334,564.078,0.77807,30.564,-21.208,557.094,0.57873,-19.477,-30.269,563.099,0.51745,-40.999,29.923,569.220,0.16279,-36.851,41.771,590.745,0.22560,78.717,-7.716,554.902,0.39240,86.350,50.381,552.241,0.43417,61.398,47.352,555.866,0.51383,-33.256,93.448,631.368,0.42637,-57.965,141.791,642.951,0.19311,0.000,0.000,0.000,0.07290,27.744,100.502,613.825,0.35763,45.318,148.273,621.286,0.43786,21.007,231.753,611.755,0.25109,17.389,-79.027,566.442,0.84734,51.889,-71.397,554.768,0.86014,-6.073,-81.694,585.201,0.79182,81.660,-64.242,556.687,0.73792
117,30.096,-59.953,560.557,0.80495,31.161,-23.668,568.101,0.57531,-19.342,-30.776,559.783,0.48520,-42.576,40.418,571.785,0.14834,-34.526,38.621,575.866,0.20636,79.452,-9.215,564.956,0.40506,88.081,54.111,563.310,0.42431,61.619,47.012,551.874,0.53786,-32.737,96.418,651.308,0.38944,-57.989,130.991,679.632,0.23365,-43.152,203.899,630.750,0.12578,30.227,100.677,619.392,0.37167,42.552,142.038,583.307,0.40743,17.363,195.456,524.283,0.21317,15.788,-77.935,558.410,0.84428,51.341,-71.590,556.248,0.88395,-6.434,-78.004,553.925,0.77198,78.530,-63.207,553.568,0.75971
118,30.280,-61.747,564.770,0.83454,29.242,-23.889,557.404,0.59534,-20.777,-30.232,562.007,0.49296,-42.288,26.868,577.289,0.15057,-34.866,38.920,569.998,0.19786,76.758,-10.313,550.477,0.39998,82.336,48.431,530.694,0.43645,55.500,43.012,519.511,0.58394,-32.402,95.381,644.275,0.37282,-54.316,122.881,645.595,0.22840,0.000,0.000,0.000,0.07120,27.602,99.266,610.759,0.35604,44.661,145.290,611.923,0.45857,20.139,218.930,587.249,0.24187,14.545,-78.418,561.647,0.85486,51.422,-73.332,564.477,0.91587,-7.188,-79.497,559.941,0.80321,78.552,-65.110,558.309,0.77810
119,31.338,-66.062,597.764,0.83870,29.324,-23.305,558.873,0.60713,-19.972,-32.039,558.246,0.44611,-46.467,40.299,560.393,0.11936,0.000,0.000,0.000,0.00000,77.717,-8.492,562.158,0.41280,85.103,50.824,557.209,0.49167,58.921,47.806,577.592,0.60262,-28.848,95.668,651.656,0.38663,-59.663,114.809,652.983,0.27743,0.000,0.000,0.000,0.09497,29.775,102.775,641.856,0.40693,44.881,149.295,625.561,0.45171,19.644,218.391,593.510,0.19807,14.678,-83.866,595.723,0.89740,52.545,-76.645,584.772,0.88050,-8.504,-85.336,605.945,0.84250,80.464,-68.753,571.937,0.79047
120,29.179,-61.501,556.478,0.84600,30.803,-24.632,574.552,0.62297,-20.438,-32.787,571.187,0.44865,-41.497,26.363,566.556,0.13215,0.000,0.000,0.000,0.00000,77.764,-8.502,562.496,0.40983,84.662,50.572,554.354,0.44393,56.988,46.247,558.769,0.60237,-26.556,96.831,654.194,0.36228,-56.848,102.824,657.034,0.32265,0.000,0.000,0.000,0.00000,33.871,105.039,661.048,0.40952,47.142,151.224,656.868,0.47184,20.601,231.420,622.795,0.17138,13.715,-78.320,556.176,0.88835,49.242,-72.772,555.118,0.88150,-8.055,-80.985,575.056,0.84093,75.127,-63.491,538.811,0.80019
121,29.911,-64.597,584.353,0.81614,28.097,-22.991,536.209,0.62348,-21.084,-31.346,534.957,0.43277,-41.943,38.044,529.017,0.18787,-31.057,35.296,507.895,0.27381,74.170,-8.183,541.255,0.42669,79.854,47.811,531.189,0.47515,53.748,44.171,533.415,0.57904,-33.302,91.326,632.382,0.41601,-64.490,128.369,696.595,0.26584,-51.637,221.857,704.820,0.24393,26.062,100.428,627.097,0.39430,47.225,154.857,669.168,0.45305,19.306,232.359,629.415,0.23825,13.642,-81.847,581.371,0.90959,50.385,-76.569,583.920,0.87107,-8.418,-84.166,597.909,0.84567,81.097,-69.247,581.681,0.80108
122,28.382,-61.232,554.059,0.82111,29.371,-23.215,573.278,0.60460,-24.124,-33.820,577.024,0.41185,-42.812,26.756,575.024,0.11953,0.000,0.000,0.000,0.00000,77.743,-5.137,567.329,0.43144,82.666,51.248,554.338,0.43382,57.452,48.673,563.380,0.50083,-31.208,93.378,652.102,0.37204,-60.682,111.939,664.058,0.25362,0.000,0.000,0.000,0.05768,26.328,98.522,615.306,0.39407,44.214,147.342,626.842,0.43109,19.808,236.025,645.674,0.23967,13.591,-77.770,552.516,0.90234,47.284,-71.837,547.984,0.87181,-7.862,-78.630,558.491,0.83884,77.485,-66.164,555.849,0.79049
123,28.826,-62.225,562.803,0.82369,29.494,-22.102,562.809,0.59300,-20.487,-33.118,553.711,0.43369,-47.980,41.012,570.440,0.15324,-35.485,39.625,580.249,0.27839,76.752,-5.071,560.120,0.43093,83.560,52.068,555.959,0.43931,58.589,49.527,581.407,0.51258,-31.125,89.287,634.150,0.38156,-60.173,111.935,650.059,0.26258,0.000,0.000,0.000,0.06830,26.934,100.797,629.593,0.39445,42.540,144.878,613.268,0.41918,18.649,235.173,632.872,0.25144,13.276,-79.674,565.931,0.91392,48.480,-72.677,554.308,0.86544,-8.512,-78.713,559.090,0.83979,75.808,-65.330,543.532,0.80009
124,28.013,-61.915,560.115,0.80395,29.145,-23.168,556.078,0.59591,-22.035,-33.443,559.015,0.48347,-45.632,36.386,542.521,0.19564,-36.589,40.077,586.851,0.29022,74.869,-5.619,546.455,0.41792,79.118,49.052,530.643,0.43727,52.925,45.542,512.822,0.46667,-29.430,91.946,647.468,0.35225,-55.821,95.627,611.051,0.25076,0.000,0.000,0.000,0.00000,27.304,98.676,620.958,0.39208,40.950,146.021,611.849,0.40964,15.855,217.648,585.719,0.28666,13.018,-78.233,555.617,0.90924,48.171,-73.226,558.245,0.84235,-8.602,-79.305,563.292,0.82268,76.978,-66.297,556.952,0.78858
125,28.723,-63.498,574.190,0.80823,30.108,-24.641,574.440,0.62344,-22.341,-33.918,567.053,0.49376,-46.776,37.698,572.459,0.18600,-35.024,38.494,584.390,0.29748,76.568,-8.505,563.815,0.42908,82.903,50.065,556.030,0.47551,55.472,47.188,531.399,0.49777,-32.250,90.458,626.395,0.37494,-61.035,123.101,650.888,0.21444,0.000,0.000,0.000,0.00000,25.245,93.759,590.007,0.37943,40.325,138.097,581.538,0.41506,16.076,219.250,593.916,0.26024,13.439,-81.486,573.926,0.88244,48.617,-74.560,563.418,0.83109,-9.314,-81.211,567.012,0.77548,76.340,-66.412,552.372,0.80005
126,28.569,-63.868,571.260,0.81145,28.242,-24.227,564.415,0.59917,-23.449,-33.537,560.677,0.46090,-47.075,38.078,567.735,0.14703,-31.398,36.717,557.432,0.27623,74.448,-9.108,557.997,0.41661,80.181,47.752,537.733,0.49030,56.524,46.431,560.746,0.57272,-32.355,90.733,628.322,0.37093,-59.231,108.269,615.798,0.21885,0.000,0.000,0.000,0.00000,26.330,97.850,615.743,0.36881,41.513,139.988,598.669,0.40228,14.736,197.087,544.574,0.21091,13.322,-81.577,569.693,0.85339,49.235,-76.204,570.695,0.81750,-9.486,-83.348,577.125,0.77843,79.930,-70.205,578.267,0.79476
127,28.400,-65.020,581.614,0.81690,27.925,-24.630,558.073,0.58714,-22.394,-33.654,551.697,0.45378,-45.098,36.475,543.901,0.13965,-31.316,35.857,544.324,0.26123,74.671,-11.835,559.779,0.40935,82.347,49.052,552.322,0.51880,52.943,44.543,538.267,0.53724,-34.376,93.376,652.083,0.40145,-66.242,123.691,680.115,0.27069,-50.861,219.513,694.662,0.12272,26.294,104.350,651.775,0.38355,42.948,144.769,619.158,0.44640,15.417,227.758,625.124,0.22249,13.651,-83.559,583.478,0.84958,49.312,-76.347,571.628,0.81510,-9.656,-84.810,587.246,0.78303,77.607,-68.733,571.411,0.78647
128,28.108,-63.709,576.020,0.81251,27.361,-24.712,560.617,0.58256,-24.016,-31.377,558.244,0.44669,-46.294,38.239,550.382,0.11779,0.000,0.000,0.000,0.00000,74.803,-9.744,555.710,0.41935,80.557,47.989,540.269,0.51655,52.394,43.574,526.233,0.56159,-33.432,94.387,664.761,0.38752,-64.407,111.463,661.180,0.32253,0.000,0.000,0.000,0.00000,26.339,100.680,633.494,0.38846,43.862,144.673,621.899,0.45975,16.654,201.821,565.182,0.23214,12.793,-81.010,575.213,0.86615,49.508,-75.921,573.859,0.83661,-9.493,-82.664,577.273,0.78074,77.126,-67.610,567.923,0.77253
129,26.741,-60.603,547.851,0.81381,28.737,-24.669,574.680,0.59216,-24.696,-34.343,574.089,0.46027,-51.601,19.019,572.512,0.16288,-36.505,37.113,574.149,0.29821,74.872,-9.068,556.202,0.41093,81.235,49.047,544.823,0.52891,53.480,46.736,564.539,0.61784,-33.992,93.731,660.071,0.38681,-66.767,128.762,694.152,0.25237,0.000,0.000,0.000,0.00000,27.345,101.658,639.666,0.37701,43.371,143.008,614.726,0.45497,17.965,199.098,563.274,0.22121,12.710,-76.581,543.744,0.86657,47.172,-71.730,546.857,0.84666,-9.058,-80.112,550.218,0.77160,72.625,-63.643,534.725,0.76424
130,27.611,-64.128,579.810,0.82044,25.344,-22.862,532.493,0.58001,-22.358,-31.100,519.843,0.45470,-46.486,35.828,515.676,0.13127,0.000,0.000,0.000,0.00000,72.172,-8.110,536.124,0.41404,79.407,48.975,536.842,0.52816,51.519,45.598,550.762,0.61031,-32.276,89.175,612.428,0.39330,-68.543,120.951,678.633,0.33313,-48.270,207.973,648.242,0.13355,26.580,99.571,621.835,0.35385,41.623,149.565,633.051,0.36118,13.341,219.453,600.339,0.19311,12.881,-82.250,579.323,0.85690,48.904,-75.404,574.787,0.84216,-10.338,-85.334,586.068,0.76423,76.228,-67.994,571.285,0.77434
131,28.162,-63.802,576.759,0.82812,27.614,-23.679,552.127,0.57959,-23.110,-33.727,552.791,0.45427,-48.058,37.093,563.226,0.11485,0.000,0.000,0.000,0.00000,75.989,-7.104,559.455,0.42006,81.900,50.523,553.708,0.52696,53.187,47.701,576.077,0.59187,-34.752,92.315,644.610,0.39221,-70.958,128.410,710.753,0.31511,-52.860,226.982,710.150,0.12176,24.868,98.695,616.413,0.36394,41.924,150.690,637.895,0.42988,14.644,239.934,658.520,0.18481,13.529,-82.060,577.907,0.87516,49.276,-74.913,571.087,0.84393,-9.593,-84.874,582.852,0.76882,78.108,-67.754,575.013,0.75705
132,28.116,-62.855,562.343,0.81430,28.369,-24.931,581.141,0.57952,-24.259,-35.424,580.441,0.48134,-53.619,15.237,586.674,0.24129,-40.011,38.491,595.389,0.35500,75.681,-7.889,567.300,0.41126,79.386,49.379,541.188,0.49744,50.688,46.046,556.171,0.60113,-35.319,96.243,655.560,0.38409,-64.491,112.821,646.081,0.33288,0.000,0.000,0.000,0.09200,24.776,101.331,632.834,0.36552,40.765,144.306,620.335,0.43846,15.962,214.819,589.623,0.25242,13.220,-80.847,564.491,0.85018,48.980,-74.130,560.033,0.81477,-9.161,-81.709,556.598,0.77901,72.362,-64.553,542.387,0.79130
133,27.721,-59.136,529.218,0.84061,29.256,-24.508,571.349,0.59449,-23.913,-33.529,571.942,0.48641,-51.933,14.972,576.185,0.19293,-35.733,37.060,584.261,0.30823,77.242,-7.159,563.730,0.42810,82.560,50.918,558.181,0.52840,50.218,45.018,543.960,0.62109,-31.861,96.915,682.574,0.37268,-66.674,109.081,676.155,0.34400,0.000,0.000,0.000,0.00000,28.006,104.017,654.624,0.37974,43.949,154.317,656.538,0.41518,17.900,228.416,633.231,0.25618,12.300,-76.290,523.889,0.85400,47.482,-69.923,528.337,0.84793,-8.233,-78.591,539.732,0.79856,73.269,-62.456,530.140,0.77153
134,28.439,-62.091,555.195,0.81969,29.726,-24.912,580.601,0.59656,-23.013,-36.351,583.924,0.47588,-52.647,14.274,576.400,0.32242,-36.884,36.807,580.325,0.34381,76.595,-7.825,564.023,0.42082,80.309,49.935,547.434,0.50633,45.582,41.975,507.051,0.62547,-33.778,92.583,641.158,0.39337,-61.843,104.427,619.516,0.33352,0.000,0.000,0.000,0.06344,25.850,98.865,622.075,0.37136,38.324,137.733,583.069,0.46379,15.367,188.055,521.328,0.26964,12.980,-81.227,553.182,0.86247,49.925,-74.183,555.577,0.83836,-8.603,-82.600,562.674,0.78800,76.775,-66.022,560.362,0.76101
135,30.198,-64.473,576.586,0.83182,27.609,-23.673,551.947,0.58013,-22.481,-33.777,553.432,0.47761,-50.742,13.757,555.570,0.28045,-37.213,37.116,596.615,0.34691,75.000,-7.750,557.132,0.41980,79.316,49.324,540.640,0.51855,47.728,43.968,530.891,0.61926,-33.697,89.500,625.058,0.40084,-65.715,121.995,666.398,0.29700,-44.498,199.720,617.850,0.11169,22.801,98.614,620.571,0.37606,38.541,134.656,575.907,0.46463,13.890,186.926,513.053,0.27300,14.011,-83.629,569.506,0.86375,51.367,-76.311,571.467,0.84428,-8.680,-82.308,569.972,0.80928,78.425,-66.849,567.498,0.75996
136,29.533,-62.937,562.835,0.85138,29.608,-24.816,578.153,0.62024,-22.890,-35.441,580.716,0.49787,-53.093,13.698,581.142,0.38870,-40.265,34.286,610.058,0.33687,76.888,-8.551,566.138,0.43936,83.727,51.212,561.536,0.55534,51.429,46.139,557.250,0.62147,-33.334,90.551,632.277,0.41102,-63.966,114.992,640.818,0.33005,-47.840,203.082,642.608,0.15109,26.565,98.696,621.054,0.37584,37.867,140.018,586.656,0.39758,15.051,201.355,556.358,0.24644,13.862,-83.095,561.431,0.85057,51.225,-75.777,562.464,0.85516,-8.758,-84.652,576.636,0.80584,78.084,-65.753,569.834,0.75970
137,29.830,-62.225,556.440,0.84733,30.704,-25.849,585.997,0.61541,-22.384,-36.487,586.081,0.48909,-51.227,14.090,568.287,0.31562,-35.344,33.908,566.828,0.34721,76.698,-9.298,569.794,0.42649,82.444,50.844,557.384,0.54153,49.621,45.105,544.807,0.63994,-35.653,95.541,661.613,0.40592,-69.550,122.739,688.546,0.33325,-51.563,209.540,660.560,0.16831,25.436,97.960,611.810,0.37791,40.134,144.210,610.411,0.46117,13.942,206.072,565.583,0.25180,14.349,-82.174,555.193,0.84269,50.093,-73.437,549.831,0.85783,-8.051,-82.646,572.333,0.80573,77.059,-65.120,552.804,0.78519
138,29.916,-62.955,557.250,0.82951,30.473,-25.060,568.340,0.61552,-20.364,-36.090,568.998,0.46220,-51.540,11.705,587.312,0.25334,-36.456,34.982,573.287,0.41382,77.603,-8.557,566.360,0.42905,81.658,49.315,547.774,0.54639,51.237,45.914,562.619,0.65788,-33.994,90.827,645.083,0.41021,-66.924,119.297,678.535,0.29559,-48.851,210.726,666.869,0.17051,28.048,105.041,656.119,0.36774,46.152,157.522,677.198,0.47571,16.666,235.588,644.490,0.22092,15.060,-82.284,555.941,0.81528,51.113,-74.603,553.657,0.84623,-7.915,-81.519,564.504,0.80315,76.542,-64.025,549.147,0.78948
139,30.406,-63.352,566.468,0.83626,29.969,-25.179,571.081,0.61021,-21.256,-36.478,574.884,0.47715,-51.573,10.869,579.875,0.38783,-40.824,32.657,607.502,0.39369,77.620,-8.554,566.534,0.43278,83.417,51.031,559.529,0.54837,47.502,43.107,528.423,0.65251,-33.788,89.775,626.980,0.39298,-67.594,114.160,677.176,0.28835,0.000,0.000,0.000,0.08597,24.686,100.974,630.516,0.36697,39.872,141.074,606.480,0.47839,13.023,200.374,555.480,0.24020,15.756,-82.497,557.418,0.81797,51.971,-75.180,563.046,0.85947,-7.725,-78.957,551.292,0.80018,78.082,-64.643,560.154,0.80286
140,30.696,-63.928,571.818,0.84847,31.081,-25.551,579.234,0.61040,-20.506,-37.057,573.162,0.49410,-52.140,9.439,578.362,0.48623,-42.693,28.047,602.739,0.47378,77.412,-8.543,564.980,0.44279,83.691,51.194,561.305,0.54549,51.377,46.009,563.825,0.63772,-35.229,94.155,668.718,0.41956,-66.680,120.684,668.012,0.29774,-47.205,202.062,644.322,0.14492,24.518,94.424,589.797,0.39265,38.421,140.691,595.504,0.43049,13.655,200.416,553.773,0.27096,16.772,-82.895,569.190,0.79985,53.048,-76.089,574.820,0.86882,-8.070,-81.932,576.859,0.80907,78.299,-64.688,566.368,0.79323
141,31.514,-64.921,574.684,0.81825,31.252,-24.996,582.459,0.61751,-20.378,-38.085,589.185,0.50372,-51.900,10.925,583.569,0.45172,-37.803,30.798,572.987,0.47802,78.644,-8.737,578.992,0.43679,83.983,50.719,563.313,0.57128,51.078,45.760,560.797,0.65982,-34.855,93.874,661.120,0.42934,-70.553,121.091,698.296,0.32507,-50.427,215.116,688.615,0.12456,25.368,100.683,628.807,0.37971,39.655,140.374,603.438,0.43549,14.100,205.607,571.924,0.24874,16.891,-84.083,572.740,0.80682,52.210,-74.863,565.557,0.86880,-7.311,-81.762,570.922,0.78596,78.354,-63.523,562.138,0.79924
142,32.111,-65.408,584.931,0.81476,30.835,-24.659,574.478,0.60964,-19.483,-37.758,584.145,0.50323,-52.995,10.298,587.979,0.50491,-40.163,29.968,597.649,0.44341,79.583,-7.368,580.785,0.44206,85.926,52.291,580.949,0.54406,51.407,47.340,571.951,0.60104,-34.140,92.544,663.139,0.40173,-68.013,107.797,673.261,0.36817,0.000,0.000,0.000,0.06864,24.383,98.193,622.681,0.36789,42.260,142.038,620.251,0.47074,15.540,206.445,574.255,0.21864,18.686,-86.096,586.367,0.82762,54.444,-77.714,582.048,0.84109,-6.636,-81.205,571.967,0.76236,80.638,-66.716,578.164,0.78855
143,31.231,-60.988,545.434,0.80463,31.977,-24.321,583.139,0.60413,-19.495,-37.052,583.925,0.50055,-49.432,10.696,571.229,0.38813,-38.343,28.780,560.568,0.46214,79.555,-4.526,575.537,0.43186,82.762,50.800,564.235,0.51844,50.043,45.486,549.341,0.61559,-35.123,94.118,651.793,0.42105,-69.234,119.900,677.300,0.33707,-52.921,220.165,699.352,0.22295,24.116,95.700,597.721,0.38904,39.127,136.315,595.290,0.50621,15.907,202.257,562.596,0.25394,17.612,-80.378,552.001,0.83012,50.533,-71.466,540.084,0.85163,-5.063,-78.231,550.981,0.75630,74.824,-60.630,536.449,0.80171
144,34.652,-63.650,569.340,0.82629,31.196,-24.249,581.459,0.59700,-20.901,-35.646,584.145,0.46236,-48.120,11.571,580.161,0.25637,-38.708,30.967,576.084,0.42367,79.249,-5.888,573.264,0.43016,80.119,48.764,541.768,0.53356,45.728,42.118,508.594,0.61730,-35.127,94.132,651.900,0.40310,-66.465,118.033,657.766,0.31840,-47.596,198.800,629.113,0.18251,24.971,96.200,600.797,0.39880,36.945,135.668,583.254,0.54235,17.462,212.142,592.082,0.27018,18.869,-81.593,569.675,0.85638,55.463,-74.895,570.998,0.86626,-5.215,-81.259,567.445,0.74891,78.722,-63.902,559.601,0.78272
145,35.373,-63.707,569.823,0.84148,31.476,-25.126,586.257,0.60214,-20.158,-36.323,583.430,0.50457,-48.427,11.105,592.974,0.18375,-37.156,32.752,595.642,0.30118,80.247,-4.527,575.566,0.42831,82.537,50.913,558.084,0.54573,50.763,46.751,564.644,0.62589,-35.107,94.595,666.150,0.42257,-67.692,117.802,670.032,0.31888,-47.232,203.000,644.844,0.13630,24.897,95.258,599.388,0.40154,38.942,138.156,603.279,0.51124,15.008,210.086,580.481,0.24199,19.446,-81.234,567.359,0.86208,55.678,-74.230,566.074,0.88200,-5.321,-82.822,578.374,0.75629,76.402,-63.324,542.971,0.76770
146,36.020,-62.935,569.262,0.85100,31.661,-24.058,577.068,0.58622,-19.261,-35.238,577.621,0.48393,-41.042,36.829,569.693,0.12599,0.000,0.000,0.000,0.00000,80.094,-5.203,574.351,0.42538,82.878,49.101,560.413,0.52409,50.759,46.135,557.272,0.63250,-34.759,93.723,660.007,0.41804,-67.169,114.592,689.677,0.29210,-47.400,206.059,647.122,0.15196,27.122,104.550,652.952,0.40573,39.568,135.362,591.052,0.51958,15.248,211.319,589.786,0.22224,20.816,-79.802,566.802,0.86311,57.399,-74.652,569.534,0.92817,-3.955,-81.839,581.187,0.79547,78.147,-63.677,546.124,0.74794
147,37.351,-63.294,578.706,0.81545,29.565,-22.288,550.791,0.51909,-18.819,-29.934,544.214,0.34905,-38.488,38.416,534.418,0.11543,-29.548,35.964,536.264,0.16726,76.234,-3.599,541.931,0.42901,78.635,47.615,536.041,0.49940,47.535,44.398,528.723,0.63281,-34.669,92.615,657.740,0.42230,-68.155,126.997,717.342,0.27386,-51.091,216.806,686.109,0.17767,24.361,102.815,642.093,0.38462,43.695,143.533,630.140,0.52640,16.768,202.355,568.591,0.21840,23.256,-80.505,576.616,0.86841,58.761,-74.798,575.828,0.89674,-3.829,-80.240,565.174,0.78449,83.822,-67.456,566.810,0.77773
148,42.255,-64.426,589.120,0.85011,33.650,-23.057,552.862,0.57543,-13.753,-33.031,552.219,0.39942,-38.991,36.932,550.631,0.11789,-29.515,32.078,547.356,0.15423,80.143,-7.847,564.936,0.41446,81.070,50.005,548.170,0.42525,48.077,42.460,520.636,0.67018,-34.085,90.240,646.626,0.42316,-69.495,132.414,704.689,0.26518,0.000,0.000,0.000,0.09464,22.645,94.115,596.809,0.38107,40.993,132.271,571.579,0.47203,19.057,205.035,576.133,0.22337,25.215,-82.265,589.412,0.91035,61.686,-75.872,584.112,0.88313,-3.302,-82.308,589.781,0.76694,84.388,-67.359,565.895,0.79447
149,40.513,-61.776,564.813,0.84989,34.874,-24.563,572.610,0.57351,-14.275,-34.964,572.814,0.39950,-38.836,35.338,567.852,0.13097,-26.718,30.094,572.504,0.11444,81.890,-5.832,567.534,0.43855,80.445,49.365,548.375,0.37085,53.589,42.204,558.626,0.55783,-32.506,88.102,631.196,0.40409,-64.730,124.069,664.548,0.26144,-46.253,209.210,664.570,0.10098,27.241,100.418,636.833,0.38254,41.162,132.106,573.836,0.46443,17.689,199.524,554.994,0.25253,24.030,-78.440,561.960,0.91037,59.524,-73.230,563.546,0.88376,-3.186,-79.628,570.560,0.78176,83.356,-66.543,559.084,0.80670
150,41.963,-63.986,584.980,0.84208,34.346,-24.209,564.093,0.58938,-13.937,-34.153,559.823,0.42406,-39.728,39.653,570.713,0.15086,-26.881,30.136,547.888,0.17066,80.876,-7.850,565.219,0.44895,78.645,42.486,545.111,0.43449,52.277,42.470,544.928,0.60049,-30.650,88.509,656.903,0.39754,-63.044,117.492,663.655,0.27900,0.000,0.000,0.000,0.07750,27.100,95.639,615.849,0.38765,40.430,132.639,573.133,0.42596,16.220,185.567,528.618,0.15122,24.971,-81.561,584.235,0.89610,60.475,-75.906,579.083,0.88789,-2.598,-82.241,589.381,0.83059,86.045,-69.088,586.491,0.74674
151,41.564,-63.349,579.279,0.83472,33.750,-25.273,589.363,0.53358,-14.558,-32.846,584.606,0.41930,-37.312,20.275,610.284,0.15379,-32.136,33.506,596.290,0.17933,82.210,-9.456,579.505,0.43654,84.912,46.523,578.903,0.41277,58.476,45.798,587.512,0.60792,-33.006,93.864,672.526,0.38945,-65.060,116.461,676.345,0.27177,-49.437,215.171,686.199,0.15709,29.450,102.739,651.427,0.35032,44.626,143.906,621.862,0.34354,17.431,198.686,567.921,0.10180,24.697,-80.676,577.942,0.88303,60.565,-76.026,579.951,0.89012,-2.542,-80.458,576.631,0.83127,83.843,-67.331,571.549,0.73858
152,41.855,-64.444,583.166,0.83791,35.091,-22.892,565.250,0.54934,-13.519,-33.469,570.955,0.45151,-35.436,47.050,568.357,0.10837,-28.057,35.579,571.806,0.22933,81.754,-7.800,561.934,0.44122,82.146,47.037,560.015,0.35832,54.584,41.581,541.857,0.61510,-27.765,90.882,645.594,0.37443,-60.022,100.440,657.063,0.31294,0.000,0.000,0.000,0.05421,26.143,79.814,498.410,0.33886,0.000,0.000,0.000,0.09928,0.000,0.000,0.000,0.00000,24.829,-81.642,580.065,0.90404,61.688,-75.724,577.456,0.88216,-2.520,-79.698,576.153,0.80993,86.339,-69.604,579.153,0.78298
153,40.809,-62.517,559.019,0.84282,35.987,-24.407,568.549,0.57475,-12.913,-36.425,574.249,0.48884,0.000,0.000,0.000,0.08422,0.000,0.000,0.000,0.00000,83.003,-9.163,561.293,0.45367,81.893,47.171,553.640,0.34216,57.427,41.350,556.482,0.62565,-26.571,87.944,635.660,0.35441,-63.750,107.742,688.535,0.34034,-47.467,199.349,648.172,0.11299,30.469,94.500,594.776,0.35202,43.131,137.547,600.628,0.27477,0.000,0.000,0.000,0.00000,24.652,-80.359,561.094,0.84340,61.017,-75.257,558.465,0.85946,-2.447,-78.489,562.164,0.83656,84.910,-69.297,564.921,0.77591
154,41.531,-64.313,568.992,0.82401,38.022,-27.222,600.485,0.54832,-12.818,-38.968,602.676,0.47744,0.000,0.000,0.000,0.06864,0.000,0.000,0.000,0.00000,87.135,-13.280,593.998,0.44046,87.743,46.904,583.783,0.34931,63.565,41.408,575.723,0.56247,-28.981,90.646,655.084,0.38523,-59.878,107.309,655.336,0.27145,0.000,0.000,0.000,0.06719,30.768,94.722,600.628,0.34637,44.773,133.820,593.783,0.31553,18.141,183.504,510.432,0.14901,25.095,-83.846,571.124,0.84203,62.187,-77.261,563.309,0.86958,-2.500,-79.817,571.896,0.84170,85.036,-68.752,565.874,0.79291
155,41.792,-66.758,572.456,0.81214,36.036,-29.912,568.771,0.57026,-11.456,-41.072,571.052,0.48429,-29.247,33.385,581.582,0.27997,-36.942,21.411,580.836,0.33545,82.479,-14.043,566.983,0.42606,84.603,41.495,558.339,0.28572,64.193,37.079,562.831,0.49916,-28.430,89.686,642.499,0.40011,-64.266,110.325,694.223,0.31234,-46.742,205.341,659.908,0.12670,32.715,99.895,623.981,0.33884,46.308,141.460,624.279,0.37073,19.759,207.586,575.473,0.19595,25.245,-85.036,574.481,0.86093,63.050,-79.031,571.156,0.88462,-2.534,-80.928,574.756,0.82369,86.187,-73.072,573.158,0.75310
156,41.515,-65.605,568.497,0.80369,36.852,-30.569,581.766,0.55864,-13.755,-41.788,581.201,0.50704,-34.721,30.437,579.364,0.31126,-44.353,17.491,615.605,0.42608,82.964,-14.236,575.051,0.42513,86.283,40.625,564.959,0.20530,69.607,37.136,585.518,0.35414,-33.345,88.853,647.858,0.37413,-58.978,118.987,654.243,0.23068,0.000,0.000,0.000,0.09374,28.745,101.066,636.068,0.34923,44.140,139.286,614.731,0.43783,22.730,224.774,618.952,0.22287,24.892,-83.881,566.633,0.86061,61.446,-78.507,562.558,0.90465,-3.146,-79.880,567.374,0.82120,84.001,-71.935,558.905,0.77630
157,41.515,-67.042,568.909,0.83394,35.707,-28.146,574.978,0.47740,-13.635,-41.338,575.032,0.37135,-41.280,24.588,572.979,0.26427,-45.995,16.236,571.579,0.25406,80.412,-13.345,566.865,0.39941,62.923,56.878,563.642,0.26492,20.164,77.843,567.545,0.20334,-34.079,93.176,661.854,0.35717,-61.434,130.714,700.192,0.20809,-49.208,210.160,683.338,0.13405,30.794,100.243,630.849,0.30755,42.421,131.744,581.449,0.40104,17.423,190.422,526.149,0.27265,24.190,-84.350,565.453,0.88646,61.294,-79.196,567.360,0.90363,-3.260,-82.197,583.791,0.81494,84.557,-73.656,567.037,0.80468
158,41.511,-67.721,569.109,0.83993,30.787,-18.251,548.982,0.42539,-19.537,-24.743,546.026,0.29259,0.000,0.000,0.000,0.00000,0.000,0.000,0.000,0.00000,78.282,-12.789,542.576,0.39602,67.079,52.225,536.853,0.13359,0.000,0.000,0.000,0.00000,-34.879,86.436,619.348,0.32186,0.000,0.000,0.000,0.07732,0.000,0.000,0.000,0.00000,30.234,104.333,651.673,0.27268,48.484,150.587,664.552,0.25536,22.093,240.012,667.639,0.15888,24.301,-84.824,568.594,0.88112,60.470,-79.054,566.194,0.89093,-4.570,-80.618,572.687,0.80694,83.891,-73.088,562.450,0.84079
159,39.652,-68.774,571.927,0.81417,32.744,-20.102,584.021,0.39244,-21.431,-30.457,579.330,0.21500,0.000,0.000,0.000,0.00000,0.000,0.000,0.000,0.00000,81.692,-8.068,580.729,0.27947,89.344,47.754,594.234,0.18047,0.000,0.000,0.000,0.00000,-32.830,87.490,637.912,0.30404,0.000,0.000,0.000,0.05196,0.000,0.000,0.000,0.00000,33.998,97.665,633.872,0.34734,44.796,138.430,624.297,0.31076,19.045,213.273,597.251,0.16299,21.006,-85.376,571.960,0.84808,57.781,-79.758,566.273,0.88678,-7.813,-78.452,557.409,0.82693,82.540,-74.304,572.073,0.75159
160,35.563,-68.194,561.329,0.83195,36.220,-30.670,583.462,0.53005,-19.777,-43.331,592.571,0.35058,-68.494,-22.102,580.701,0.14574,-76.750,-35.532,549.413,0.16146,86.516,-14.377,580.112,0.40497,0.000,0.000,0.000,0.05913,0.000,0.000,0.000,0.00000,-32.769,78.792,569.519,0.35766,0.000,0.000,0.000,0.00000,0.000,0.000,0.000,0.00000,31.277,89.844,583.143,0.32754,38.436,128.682,544.660,0.20389,19.312,227.076,629.505,0.18461,19.251,-85.098,561.163,0.86927,56.075,-81.685,556.469,0.86471,-8.069,-81.426,573.304,0.82012,77.199,-71.306,548.786,0.78171
161,35.732,-71.220,564.041,0.78734,30.511,-26.175,521.891,0.42335,-26.273,-33.611,510.355,0.24498,0.000,0.000,0.000,0.00000,0.000,0.000,0.000,0.00000,89.124,-17.480,507.274,0.32402,0.000,0.000,0.000,0.05522,0.000,0.000,0.000,0.00000,-35.385,84.825,602.463,0.34422,0.000,0.000,0.000,0.05557,0.000,0.000,0.000,0.00000,32.590,96.547,621.783,0.29080,43.422,144.858,625.937,0.26904,18.994,220.266,618.942,0.22059,18.657,-86.719,562.867,0.83754,56.540,-83.786,561.308,0.90822,-8.835,-82.704,577.528,0.77763,80.556,-75.110,572.893,0.82069
162,36.719,-75.316,579.762,0.83891,30.572,-33.409,570.038,0.47614,-29.126,-43.740,552.624,0.31354,0.000,0.000,0.000,0.07245,0.000,0.000,0.000,0.05713,85.922,-24.121,562.555,0.34649,117.628,25.344,574.622,0.29363,114.487,11.616,549.565,0.10658,-36.098,87.572,627.413,0.35339,-55.982,132.240,638.090,0.10167,0.000,0.000,0.000,0.07293,31.204,90.997,595.265,0.31021,42.603,137.599,603.994,0.32197,20.744,232.943,650.123,0.27317,19.885,-92.183,580.031,0.88043,57.847,-87.082,574.209,0.87976,-10.165,-83.929,576.344,0.77254,80.154,-76.744,574.805,0.82096
